1, 430, 72, 431, 432
2, 430, 431, 218, 432
3, 430, 433, 219, 199
4, 219, 196, 4, 218
5, 195, 196, 4, 219
6, 430, 431, 196, 218
7, 434, 435, 70, 436
8, 339, 115, 338, 437
9, 434, 184, 182, 12
10, 434, 438, 69, 435
11, 434, 11, 184, 12
12, 438, 185, 183, 11
13, 438, 183, 204, 48
14, 434, 435, 69, 70
15, 438, 183, 184, 11
16, 438, 435, 204, 439
17, 440, 20, 441, 173
18, 174, 172, 36, 415
19, 440, 442, 441, 159
20, 345, 122, 443, 444
21, 445, 192, 59, 58
22, 446, 447, 425, 448
23, 167, 449, 165, 422
24, 446, 450, 155, 448
25, 446, 450, 27, 166
26, 451, 410, 452, 409
27, 453, 454, 444, 112
28, 453, 303, 455, 283
29, 453, 454, 303, 324
30, 454, 453, 444, 324
31, 53, 54, 188, 456
32, 456, 66, 457, 458
33, 456, 197, 186, 9
34, 456, 459, 186, 208
35, 53, 456, 208, 209
36, 456, 459, 209, 457
37, 460, 211, 55, 56
38, 460, 211, 461, 458
39, 460, 462, 191, 7
40, 460, 462, 65, 463
41, 460, 462, 463, 213
42, 460, 191, 212, 56
43, 460, 191, 462, 213
44, 445, 215, 464, 465
45, 445, 59, 464, 215
46, 445, 214, 58, 59
47, 445, 64, 6, 190
48, 214, 58, 462, 445
49, 466, 420, 169, 31
50, 466, 419, 467, 468
51, 445, 465, 64, 469
52, 16, 165, 155, 450
53, 167, 155, 165, 449
54, 450, 165, 423, 28
55, 446, 448, 155, 154
56, 450, 16, 165, 166
57, 450, 448, 423, 449
58, 466, 467, 419, 32
59, 466, 168, 17, 18
60, 466, 467, 18, 157
61, 435, 436, 223, 470
62, 157, 467, 170, 471
63, 471, 467, 170, 418
64, 467, 468, 471, 157
65, 467, 18, 170, 168
66, 467, 170, 419, 32
67, 460, 461, 66, 458
68, 462, 58, 213, 57
69, 460, 463, 461, 212
70, 462, 58, 214, 213
71, 462, 213, 191, 57
72, 462, 190, 191, 7
73, 472, 186, 187, 10
74, 472, 10, 185, 11
75, 438, 472, 439, 205
76, 472, 186, 459, 207
77, 187, 185, 50, 206
78, 472, 459, 439, 206
79, 473, 338, 115, 474
80, 474, 297, 475, 105
81, 476, 316, 337, 336
82, 474, 315, 294, 295
83, 474, 437, 116, 337
84, 476, 315, 474, 316
85, 474, 475, 296, 295
86, 477, 478, 130, 131
87, 479, 480, 260, 259
88, 479, 481, 261, 260
89, 479, 482, 102, 93
90, 479, 480, 481, 260
91, 483, 128, 484, 485
92, 486, 433, 199, 220
93, 430, 198, 486, 199
94, 486, 436, 222, 201
95, 436, 222, 487, 486
96, 488, 486, 45, 201
97, 220, 486, 487, 221
98, 487, 486, 433, 71
99, 437, 126, 125, 116
100, 489, 461, 75, 463
101, 490, 489, 461, 75
102, 489, 490, 85, 75
103, 490, 461, 233, 232
104, 489, 233, 490, 461
105, 491, 123, 114, 124
106, 150, 492, 149, 493
107, 492, 149, 493, 442
108, 440, 442, 159, 494
109, 442, 441, 159, 149
110, 442, 413, 393, 414
111, 442, 373, 394, 393
112, 442, 139, 495, 496
113, 497, 126, 116, 117
114, 373, 442, 496, 372
115, 457, 498, 76, 77
116, 64, 465, 464, 63
117, 484, 129, 139, 138
118, 457, 498, 230, 231
119, 456, 457, 210, 458
120, 188, 66, 9, 456
121, 499, 108, 500, 118
122, 483, 499, 332, 118
123, 499, 292, 501, 107
124, 476, 334, 483, 499
125, 483, 499, 334, 333
126, 435, 502, 470, 224
127, 438, 203, 47, 48
128, 438, 472, 205, 185
129, 434, 435, 436, 202
130, 46, 434, 488, 202
131, 409, 503, 504, 505
132, 434, 438, 184, 11
133, 432, 506, 218, 239
134, 484, 129, 138, 128
135, 496, 507, 129, 350
136, 508, 484, 496, 352
137, 496, 492, 442, 139
138, 484, 496, 373, 495
139, 508, 351, 496, 129
140, 509, 447, 404, 405
141, 42, 452, 504, 177
142, 451, 161, 452, 510
143, 451, 505, 452, 161
144, 452, 22, 177, 176
145, 22, 161, 510, 452
146, 511, 163, 14, 153
147, 511, 512, 153, 180
148, 511, 513, 447, 426
149, 511, 25, 513, 426
150, 511, 163, 25, 24
151, 440, 494, 416, 415
152, 440, 172, 19, 20
153, 514, 471, 494, 158
154, 514, 171, 471, 158
155, 171, 172, 158, 514
156, 515, 361, 381, 360
157, 416, 440, 172, 514
158, 501, 97, 516, 272
159, 501, 516, 107, 293
160, 499, 313, 312, 292
161, 499, 107, 313, 292
162, 499, 501, 108, 107
163, 517, 127, 136, 126
164, 490, 232, 498, 76
165, 490, 75, 461, 76
166, 489, 518, 256, 519
167, 489, 518, 520, 255
168, 521, 522, 523, 111
169, 521, 522, 524, 326
170, 523, 522, 305, 306
171, 522, 120, 477, 525
172, 524, 326, 522, 327
173, 506, 465, 237, 526
174, 506, 465, 216, 237
175, 506, 216, 465, 527
176, 506, 217, 218, 238
177, 527, 431, 5, 63
178, 513, 163, 154, 15
179, 446, 447, 513, 425
180, 513, 447, 426, 425
181, 513, 426, 25, 26
182, 511, 163, 513, 25
183, 164, 26, 446, 513
184, 528, 482, 301, 103
185, 528, 454, 112, 122
186, 112, 528, 482, 454
187, 122, 528, 454, 529
188, 528, 530, 322, 343
189, 522, 121, 477, 120
190, 518, 95, 531, 94
191, 489, 256, 518, 255
192, 529, 491, 364, 123
193, 344, 529, 345, 454
194, 529, 491, 113, 343
195, 511, 447, 512, 427
196, 509, 447, 144, 404
197, 509, 384, 404, 383
198, 447, 448, 404, 425
199, 427, 180, 24, 428
200, 447, 512, 406, 143
201, 511, 447, 513, 153
202, 447, 448, 144, 404
203, 509, 144, 447, 143
204, 416, 440, 415, 172
205, 441, 493, 150, 149
206, 532, 253, 498, 86
207, 478, 524, 533, 131
208, 441, 493, 413, 412
209, 527, 193, 5, 194
210, 440, 173, 174, 20
211, 441, 21, 175, 173
212, 441, 493, 160, 150
213, 509, 143, 133, 134
214, 441, 173, 20, 21
215, 330, 534, 350, 351
216, 534, 508, 119, 129
217, 460, 213, 463, 212
218, 534, 331, 508, 330
219, 483, 497, 356, 335
220, 119, 508, 534, 500
221, 508, 500, 332, 331
222, 508, 353, 484, 352
223, 508, 118, 483, 332
224, 508, 352, 331, 332
225, 535, 90, 80, 81
226, 525, 534, 477, 308
227, 536, 278, 531, 94
228, 171, 158, 18, 157
229, 104, 530, 320, 536
230, 536, 531, 299, 104
231, 328, 525, 327, 477
232, 486, 198, 13, 181
233, 72, 81, 487, 71
234, 430, 486, 71, 433
235, 433, 481, 240, 220
236, 433, 219, 199, 240
237, 463, 235, 489, 234
238, 537, 538, 99, 539
239, 537, 539, 99, 540
240, 537, 267, 539, 540
241, 527, 63, 193, 464
242, 465, 469, 215, 236
243, 465, 526, 469, 236
244, 506, 238, 237, 217
245, 506, 465, 63, 527
246, 502, 541, 226, 439
247, 435, 502, 225, 439
248, 537, 502, 540, 89
249, 537, 540, 246, 267
250, 502, 470, 245, 540
251, 502, 226, 541, 247
252, 542, 356, 517, 377
253, 542, 517, 355, 485
254, 542, 543, 377, 517
255, 542, 147, 543, 137
256, 542, 485, 544, 137
257, 518, 277, 257, 278
258, 545, 526, 257, 519
259, 536, 280, 482, 301
260, 536, 94, 545, 278
261, 512, 427, 407, 428
262, 545, 526, 259, 258
263, 545, 280, 279, 259
264, 536, 482, 103, 301
265, 479, 545, 93, 83
266, 543, 468, 398, 399
267, 543, 517, 137, 136
268, 543, 517, 379, 378
269, 546, 498, 230, 77
270, 546, 547, 548, 249
271, 546, 88, 547, 87
272, 459, 546, 228, 229
273, 549, 473, 115, 114
274, 506, 239, 480, 238
275, 480, 526, 238, 259
276, 479, 545, 280, 93
277, 464, 216, 465, 215
278, 479, 550, 551, 92
279, 480, 481, 82, 92
280, 480, 526, 259, 83
281, 479, 280, 259, 260
282, 501, 292, 271, 272
283, 448, 145, 449, 155
284, 501, 538, 290, 108
285, 476, 294, 516, 106
286, 476, 293, 516, 294
287, 501, 293, 107, 292
288, 500, 332, 499, 118
289, 508, 500, 119, 118
290, 312, 311, 499, 291
291, 431, 1, 196, 194
292, 500, 538, 290, 289
293, 499, 108, 117, 107
294, 311, 499, 291, 290
295, 522, 525, 110, 120
296, 552, 386, 406, 385
297, 552, 512, 407, 408
298, 552, 553, 142, 387
299, 552, 553, 133, 142
300, 552, 407, 512, 406
301, 554, 100, 540, 90
302, 554, 101, 555, 100
303, 554, 100, 91, 101
304, 451, 556, 505, 151
305, 452, 510, 176, 411
306, 505, 452, 161, 504
307, 451, 510, 493, 151
308, 451, 411, 452, 410
309, 451, 510, 411, 390
310, 452, 22, 176, 510
311, 504, 42, 179, 409
312, 466, 169, 167, 17
313, 507, 370, 350, 371
314, 542, 543, 468, 398
315, 543, 378, 398, 377
316, 466, 168, 32, 31
317, 466, 32, 420, 31
318, 468, 471, 397, 418
319, 542, 468, 471, 397
320, 467, 471, 468, 418
321, 515, 557, 360, 381
322, 515, 557, 125, 360
323, 549, 437, 115, 339
324, 515, 558, 382, 383
325, 515, 558, 381, 382
326, 526, 258, 237, 238
327, 464, 60, 527, 216
328, 480, 526, 83, 73
329, 438, 472, 69, 439
330, 465, 64, 469, 74
331, 545, 526, 519, 84
332, 506, 465, 526, 73
333, 545, 526, 84, 83
334, 523, 525, 285, 286
335, 523, 285, 525, 306
336, 523, 559, 525, 286
337, 516, 294, 293, 273
338, 523, 522, 306, 525
339, 466, 17, 167, 156
340, 534, 560, 525, 120
341, 91, 81, 561, 551
342, 111, 110, 522, 523
343, 530, 343, 342, 322
344, 300, 301, 536, 530
345, 449, 167, 155, 156
346, 103, 301, 528, 530
347, 530, 473, 104, 320
348, 530, 491, 342, 343
349, 530, 491, 341, 342
350, 501, 516, 293, 272
351, 538, 99, 539, 109
352, 500, 290, 538, 108
353, 500, 539, 288, 560
354, 534, 500, 331, 310
355, 290, 501, 499, 291
356, 450, 448, 449, 155
357, 446, 447, 448, 154
358, 446, 448, 425, 424
359, 446, 16, 450, 166
360, 468, 147, 156, 146
361, 446, 166, 15, 16
362, 511, 427, 180, 24
363, 448, 144, 558, 145
364, 448, 558, 144, 404
365, 516, 532, 273, 272
366, 516, 294, 273, 274
367, 115, 338, 437, 474
368, 483, 127, 497, 117
369, 474, 106, 475, 295
370, 516, 295, 106, 294
371, 463, 489, 235, 519
372, 461, 66, 75, 65
373, 460, 189, 8, 7
374, 8, 460, 458, 189
375, 459, 209, 457, 230
376, 562, 381, 401, 380
377, 490, 76, 461, 232
378, 232, 457, 498, 76
379, 463, 233, 212, 213
380, 476, 497, 337, 116
381, 476, 315, 294, 474
382, 476, 314, 293, 294
383, 293, 476, 313, 314
384, 476, 313, 314, 334
385, 476, 497, 335, 336
386, 484, 138, 485, 128
387, 483, 484, 353, 354
388, 476, 483, 117, 499
389, 483, 497, 127, 356
390, 476, 315, 335, 314
391, 476, 117, 483, 497
392, 511, 14, 163, 180
393, 515, 362, 563, 383
394, 558, 562, 135, 381
395, 448, 558, 403, 402
396, 448, 558, 404, 403
397, 558, 383, 404, 403
398, 515, 558, 383, 134
399, 448, 558, 402, 145
400, 558, 562, 402, 145
401, 520, 276, 275, 255
402, 518, 520, 95, 85
403, 489, 490, 520, 85
404, 459, 77, 67, 68
405, 490, 498, 253, 86
406, 475, 295, 274, 275
407, 520, 532, 274, 96
408, 520, 275, 254, 255
409, 520, 253, 532, 86
410, 490, 254, 520, 253
411, 483, 485, 354, 355
412, 483, 485, 484, 354
413, 497, 517, 358, 126
414, 483, 355, 356, 127
415, 499, 291, 501, 292
416, 499, 333, 312, 313
417, 499, 333, 313, 334
418, 562, 145, 136, 146
419, 447, 154, 153, 144
420, 476, 335, 483, 334
421, 518, 520, 276, 95
422, 518, 545, 278, 257
423, 518, 277, 531, 276
424, 531, 298, 277, 278
425, 531, 278, 299, 298
426, 475, 105, 531, 95
427, 536, 531, 104, 94
428, 531, 473, 297, 298
429, 531, 473, 299, 104
430, 194, 527, 431, 5
431, 527, 194, 431, 61
432, 506, 527, 217, 216
433, 464, 193, 527, 60
434, 511, 427, 25, 426
435, 527, 61, 216, 60
436, 350, 534, 477, 507
437, 534, 130, 507, 129
438, 508, 534, 500, 331
439, 534, 525, 560, 308
440, 534, 508, 351, 330
441, 534, 120, 130, 129
442, 436, 470, 535, 223
443, 435, 470, 223, 224
444, 486, 200, 201, 221
445, 486, 198, 71, 13
446, 487, 436, 486, 71
447, 435, 224, 223, 203
448, 508, 119, 128, 118
449, 70, 12, 434, 488
450, 486, 436, 70, 71
451, 434, 435, 202, 203
452, 557, 562, 379, 380
453, 557, 126, 517, 136
454, 557, 517, 379, 136
455, 546, 230, 498, 251
456, 546, 541, 227, 248
457, 547, 251, 532, 272
458, 547, 532, 97, 272
459, 505, 152, 162, 161
460, 547, 548, 249, 270
461, 547, 532, 251, 87
462, 502, 225, 439, 226
463, 546, 249, 248, 228
464, 513, 153, 163, 511
465, 537, 502, 541, 247
466, 546, 541, 548, 88
467, 537, 541, 548, 247
468, 151, 142, 141, 505
469, 152, 151, 505, 142
470, 556, 533, 368, 367
471, 451, 556, 564, 390
472, 556, 533, 141, 564
473, 556, 369, 533, 564
474, 457, 210, 230, 209
475, 498, 232, 253, 252
476, 477, 350, 349, 329
477, 546, 498, 87, 251
478, 546, 250, 229, 230
479, 490, 498, 86, 76
480, 498, 252, 231, 232
481, 498, 532, 86, 87
482, 251, 546, 547, 87
483, 549, 360, 437, 339
484, 557, 381, 380, 360
485, 557, 125, 437, 126
486, 339, 473, 338, 115
487, 500, 118, 109, 119
488, 474, 337, 316, 317
489, 565, 367, 505, 387
490, 337, 474, 476, 116
491, 497, 358, 437, 126
492, 497, 357, 336, 337
493, 476, 337, 497, 336
494, 517, 379, 378, 358
495, 557, 379, 517, 358
496, 497, 358, 517, 357
497, 497, 356, 335, 336
498, 497, 517, 127, 356
499, 542, 377, 376, 356
500, 542, 543, 147, 468
501, 542, 543, 517, 137
502, 550, 92, 479, 102
503, 455, 482, 302, 454
504, 455, 482, 281, 302
505, 479, 455, 482, 281
506, 521, 524, 522, 121
507, 521, 524, 121, 443
508, 477, 478, 507, 130
509, 524, 477, 478, 348
510, 563, 491, 124, 123
511, 509, 563, 384, 383
512, 563, 553, 133, 385
513, 509, 552, 406, 385
514, 509, 558, 404, 144
515, 566, 471, 148, 494
516, 566, 354, 485, 375
517, 484, 354, 566, 374
518, 484, 373, 566, 495
519, 566, 485, 138, 544
520, 483, 499, 333, 332
521, 318, 338, 473, 474
522, 457, 498, 77, 230
523, 549, 340, 473, 341
524, 549, 114, 491, 341
525, 339, 318, 338, 473
526, 473, 299, 319, 298
527, 549, 473, 340, 339
528, 473, 320, 341, 340
529, 320, 299, 319, 473
530, 549, 341, 491, 362
531, 549, 437, 360, 125
532, 538, 98, 548, 99
533, 500, 332, 331, 311
534, 539, 559, 287, 560
535, 537, 548, 89, 99
536, 538, 539, 268, 289
537, 500, 309, 560, 288
538, 500, 539, 560, 109
539, 500, 538, 539, 109
540, 529, 344, 364, 343
541, 563, 491, 364, 363
542, 563, 553, 385, 364
543, 556, 367, 388, 505
544, 563, 384, 363, 364
545, 509, 385, 563, 133
546, 497, 517, 126, 127
547, 565, 553, 366, 387
548, 529, 123, 553, 132
549, 552, 143, 152, 133
550, 552, 553, 385, 133
551, 565, 142, 553, 387
552, 552, 152, 142, 133
553, 485, 137, 128, 138
554, 566, 375, 374, 354
555, 484, 566, 485, 138
556, 441, 493, 510, 160
557, 510, 176, 175, 21
558, 21, 161, 510, 22
559, 510, 22, 176, 21
560, 510, 411, 40, 176
561, 452, 410, 411, 176
562, 478, 533, 369, 564
563, 478, 507, 564, 370
564, 477, 507, 478, 349
565, 348, 524, 533, 478
566, 547, 270, 249, 250
567, 501, 270, 547, 271
568, 501, 548, 538, 98
569, 501, 547, 548, 98
570, 548, 538, 269, 270
571, 537, 538, 539, 268
572, 537, 502, 246, 540
573, 546, 548, 248, 249
574, 537, 548, 268, 247
575, 541, 548, 247, 248
576, 467, 468, 419, 418
577, 514, 417, 471, 171
578, 471, 544, 148, 147
579, 542, 468, 397, 398
580, 471, 417, 397, 418
581, 471, 396, 544, 397
582, 472, 207, 187, 186
583, 11, 472, 438, 185
584, 546, 250, 547, 249
585, 546, 229, 250, 249
586, 476, 107, 116, 106
587, 459, 78, 546, 77
588, 456, 208, 186, 197
589, 54, 456, 458, 188
590, 459, 230, 229, 209
591, 459, 77, 457, 67
592, 459, 229, 208, 209
593, 557, 562, 380, 381
594, 557, 562, 136, 379
595, 557, 359, 379, 358
596, 542, 377, 543, 398
597, 562, 449, 400, 401
598, 400, 543, 468, 146
599, 543, 562, 379, 136
600, 508, 128, 119, 129
601, 479, 281, 482, 280
602, 479, 482, 455, 102
603, 282, 550, 551, 479
604, 453, 111, 521, 523
605, 301, 536, 530, 103
606, 550, 567, 455, 262
607, 455, 482, 454, 112
608, 565, 556, 505, 367
609, 565, 533, 131, 141
610, 458, 188, 66, 8
611, 524, 443, 346, 565
612, 529, 113, 491, 123
613, 443, 529, 366, 132
614, 565, 553, 142, 132
615, 485, 138, 544, 137
616, 542, 544, 485, 376
617, 485, 375, 355, 376
618, 471, 494, 395, 416
619, 566, 148, 544, 138
620, 514, 494, 471, 416
621, 542, 471, 544, 397
622, 551, 481, 241, 261
623, 479, 261, 551, 282
624, 538, 289, 268, 269
625, 263, 561, 242, 551
626, 532, 253, 274, 273
627, 520, 532, 96, 86
628, 459, 457, 77, 230
629, 252, 532, 253, 498
630, 501, 292, 291, 271
631, 547, 271, 250, 251
632, 460, 189, 56, 55
633, 516, 293, 272, 273
634, 97, 272, 501, 547
635, 532, 273, 252, 253
636, 498, 252, 532, 251
637, 453, 567, 112, 111
638, 523, 101, 567, 111
639, 550, 455, 567, 102
640, 453, 112, 455, 454
641, 453, 454, 455, 303
642, 550, 555, 101, 567
643, 567, 112, 111, 102
644, 481, 261, 240, 220
645, 481, 239, 240, 260
646, 479, 481, 480, 92
647, 480, 73, 83, 92
648, 432, 480, 481, 82
649, 81, 561, 551, 487
650, 487, 481, 220, 241
651, 479, 545, 259, 280
652, 551, 262, 282, 241
653, 479, 281, 260, 261
654, 241, 221, 487, 242
655, 528, 482, 302, 301
656, 454, 324, 444, 345
657, 467, 32, 168, 170
658, 138, 495, 148, 139
659, 528, 454, 344, 323
660, 513, 425, 426, 26
661, 454, 323, 303, 324
662, 453, 283, 284, 304
663, 453, 521, 324, 304
664, 523, 110, 559, 100
665, 523, 555, 567, 101
666, 453, 284, 523, 305
667, 522, 111, 120, 110
668, 477, 308, 328, 525
669, 559, 555, 265, 523
670, 523, 525, 559, 110
671, 435, 223, 436, 202
672, 554, 244, 470, 540
673, 470, 244, 535, 223
674, 502, 225, 246, 245
675, 435, 470, 502, 79
676, 505, 409, 452, 504
677, 447, 427, 426, 406
678, 447, 153, 512, 143
679, 488, 182, 46, 181
680, 505, 552, 408, 512
681, 552, 143, 512, 152
682, 503, 505, 512, 162
683, 509, 447, 406, 143
684, 429, 505, 512, 503
685, 458, 8, 189, 188
686, 66, 8, 460, 458
687, 457, 461, 458, 66
688, 210, 54, 456, 458
689, 458, 55, 210, 54
690, 189, 55, 460, 458
691, 496, 507, 492, 139
692, 507, 371, 492, 370
693, 524, 131, 477, 121
694, 534, 129, 507, 350
695, 496, 351, 350, 129
696, 507, 492, 139, 140
697, 562, 449, 146, 400
698, 450, 449, 423, 422
699, 449, 402, 423, 422
700, 562, 449, 402, 145
701, 26, 446, 513, 425
702, 449, 165, 422, 450
703, 466, 18, 467, 168
704, 399, 400, 543, 468
705, 466, 421, 167, 169
706, 466, 467, 157, 468
707, 466, 400, 421, 420
708, 545, 257, 526, 258
709, 518, 520, 255, 276
710, 463, 519, 74, 75
711, 518, 84, 519, 85
712, 507, 564, 492, 140
713, 139, 492, 442, 149
714, 492, 392, 493, 391
715, 440, 494, 415, 414
716, 492, 564, 150, 140
717, 442, 394, 414, 393
718, 440, 172, 514, 158
719, 440, 19, 172, 158
720, 468, 146, 449, 400
721, 514, 471, 417, 416
722, 442, 149, 494, 495
723, 566, 373, 394, 495
724, 566, 394, 373, 374
725, 566, 544, 396, 375
726, 566, 471, 395, 396
727, 534, 308, 560, 309
728, 534, 309, 330, 329
729, 525, 287, 307, 286
730, 525, 560, 110, 120
731, 525, 560, 559, 110
732, 537, 541, 89, 548
733, 287, 525, 559, 286
734, 565, 556, 367, 533
735, 478, 533, 564, 141
736, 478, 131, 140, 130
737, 478, 533, 141, 131
738, 565, 556, 533, 141
739, 524, 347, 346, 326
740, 524, 347, 327, 348
741, 552, 553, 387, 386
742, 533, 368, 347, 348
743, 441, 510, 493, 412
744, 493, 390, 564, 391
745, 441, 175, 412, 413
746, 510, 412, 411, 391
747, 446, 425, 26, 27
748, 392, 413, 393, 442
749, 392, 413, 442, 493
750, 445, 6, 464, 192
751, 462, 463, 64, 65
752, 489, 255, 234, 235
753, 190, 64, 6, 7
754, 469, 236, 235, 215
755, 462, 463, 469, 64
756, 465, 526, 73, 74
757, 526, 519, 74, 469
758, 529, 364, 491, 343
759, 549, 515, 362, 124
760, 549, 491, 124, 362
761, 446, 425, 27, 424
762, 530, 491, 114, 341
763, 530, 321, 341, 320
764, 549, 515, 361, 362
765, 530, 491, 343, 113
766, 320, 536, 299, 104
767, 515, 563, 134, 383
768, 549, 515, 360, 361
769, 561, 242, 221, 222
770, 487, 551, 481, 241
771, 561, 222, 535, 243
772, 529, 553, 364, 365
773, 529, 345, 366, 365
774, 324, 444, 345, 521
775, 529, 122, 443, 345
776, 524, 121, 443, 131
777, 122, 443, 444, 121
778, 524, 477, 522, 121
779, 524, 533, 565, 346
780, 453, 284, 305, 304
781, 453, 523, 567, 111
782, 521, 523, 522, 305
783, 524, 348, 533, 347
784, 122, 454, 345, 529
785, 521, 111, 444, 121
786, 444, 454, 345, 122
787, 443, 131, 121, 122
788, 521, 304, 325, 345
789, 561, 555, 264, 554
790, 470, 80, 535, 90
791, 470, 223, 224, 244
792, 554, 265, 264, 244
793, 436, 535, 80, 81
794, 535, 222, 223, 243
795, 507, 140, 139, 130
796, 478, 141, 564, 140
797, 390, 510, 493, 451
798, 478, 564, 369, 370
799, 439, 225, 204, 205
800, 434, 438, 435, 203
801, 438, 185, 205, 183
802, 546, 248, 227, 228
803, 541, 227, 248, 247
804, 541, 439, 79, 78
805, 345, 444, 443, 521
806, 205, 472, 206, 185
807, 459, 228, 227, 207
808, 459, 439, 78, 68
809, 459, 227, 206, 207
810, 554, 561, 535, 243
811, 554, 540, 470, 90
812, 540, 90, 99, 89
813, 539, 266, 540, 267
814, 265, 540, 554, 559
815, 559, 99, 540, 100
816, 564, 141, 150, 140
817, 565, 387, 366, 346
818, 521, 524, 443, 325
819, 524, 533, 346, 347
820, 566, 495, 148, 138
821, 484, 495, 138, 139
822, 443, 565, 131, 132
823, 565, 346, 367, 387
824, 565, 132, 142, 141
825, 372, 371, 442, 496
826, 565, 553, 132, 366
827, 524, 346, 443, 325
828, 534, 330, 350, 329
829, 453, 283, 304, 324
830, 455, 482, 112, 102
831, 536, 545, 279, 278
832, 451, 410, 389, 390
833, 511, 24, 180, 163
834, 451, 556, 390, 389
835, 451, 510, 151, 161
836, 555, 263, 264, 284
837, 451, 410, 409, 389
838, 494, 442, 414, 440
839, 179, 503, 504, 409
840, 408, 429, 505, 512
841, 492, 391, 493, 564
842, 550, 555, 91, 101
843, 264, 561, 243, 263
844, 162, 180, 153, 512
845, 177, 42, 179, 504
846, 455, 262, 283, 303
847, 556, 368, 369, 389
848, 556, 390, 389, 369
849, 537, 268, 267, 247
850, 510, 151, 161, 160
851, 265, 559, 266, 540
852, 429, 178, 179, 503
853, 451, 151, 505, 161
854, 432, 82, 72, 63
855, 432, 73, 506, 480
856, 500, 560, 119, 109
857, 432, 219, 433, 240
858, 432, 433, 481, 240
859, 537, 502, 89, 541
860, 486, 200, 220, 199
861, 505, 552, 387, 408
862, 497, 126, 437, 116
863, 445, 462, 214, 469
864, 481, 261, 220, 241
865, 430, 195, 198, 199
866, 486, 201, 222, 221
867, 444, 122, 121, 112
868, 436, 201, 202, 222
869, 444, 454, 122, 112
870, 528, 322, 301, 302
871, 531, 95, 105, 104
872, 487, 436, 561, 222
873, 453, 444, 324, 521
874, 430, 71, 198, 1
875, 506, 218, 239, 238
876, 265, 523, 286, 559
877, 483, 118, 128, 127
878, 430, 433, 432, 219
879, 486, 199, 44, 200
880, 487, 561, 436, 81
881, 553, 386, 365, 366
882, 434, 438, 11, 69
883, 445, 465, 469, 215
884, 71, 72, 433, 487
885, 222, 487, 486, 221
886, 550, 567, 101, 102
887, 263, 555, 264, 561
888, 430, 196, 1, 195
889, 433, 220, 486, 487
890, 487, 551, 82, 481
891, 550, 555, 263, 551
892, 553, 387, 386, 366
893, 487, 82, 551, 81
894, 443, 122, 132, 131
895, 443, 444, 121, 521
896, 463, 461, 212, 233
897, 131, 477, 478, 524
898, 463, 213, 234, 233
899, 463, 234, 489, 233
900, 518, 531, 278, 94
901, 435, 69, 70, 79
902, 515, 558, 135, 381
903, 551, 242, 262, 241
904, 149, 139, 148, 495
905, 554, 470, 244, 535
906, 470, 90, 89, 80
907, 542, 517, 485, 137
908, 540, 266, 265, 245
909, 551, 82, 91, 81
910, 555, 561, 551, 91
911, 508, 352, 332, 353
912, 453, 521, 305, 523
913, 508, 484, 129, 496
914, 129, 508, 351, 534
915, 525, 286, 306, 285
916, 560, 287, 525, 559
917, 529, 365, 344, 345
918, 443, 122, 529, 132
919, 517, 357, 378, 377
920, 525, 560, 308, 287
921, 451, 556, 389, 388
922, 543, 136, 137, 146
923, 542, 468, 147, 471
924, 521, 522, 111, 121
925, 483, 354, 333, 334
926, 511, 447, 153, 512
927, 484, 353, 373, 352
928, 566, 494, 495, 394
929, 484, 566, 373, 374
930, 507, 349, 350, 370
931, 508, 483, 128, 484
932, 529, 553, 365, 366
933, 477, 478, 348, 349
934, 508, 484, 128, 129
935, 307, 308, 525, 328
936, 484, 566, 354, 485
937, 552, 406, 386, 407
938, 429, 503, 512, 178
939, 485, 375, 354, 355
940, 544, 138, 148, 147
941, 507, 492, 564, 370
942, 544, 137, 138, 147
943, 509, 405, 385, 406
944, 509, 563, 134, 133
945, 492, 149, 140, 150
946, 496, 351, 371, 350
947, 468, 398, 418, 397
948, 110, 522, 523, 525
949, 539, 559, 560, 109
950, 43, 199, 198, 195
951, 523, 305, 285, 306
952, 523, 101, 111, 110
953, 431, 62, 218, 217
954, 430, 432, 433, 72
955, 182, 46, 434, 488
956, 554, 555, 101, 91
957, 555, 567, 263, 284
958, 414, 37, 415, 174
959, 452, 176, 177, 41
960, 422, 165, 29, 423
961, 562, 449, 401, 402
962, 420, 468, 466, 400
963, 466, 420, 421, 169
964, 421, 169, 420, 31
965, 466, 32, 419, 420
966, 419, 170, 418, 33
967, 467, 418, 419, 170
968, 471, 418, 171, 417
969, 471, 397, 417, 396
970, 514, 35, 417, 34
971, 471, 416, 395, 396
972, 514, 416, 417, 35
973, 173, 440, 414, 441
974, 514, 416, 35, 172
975, 494, 395, 415, 394
976, 414, 494, 415, 394
977, 440, 414, 415, 174
978, 414, 413, 38, 173
979, 441, 413, 414, 173
980, 441, 159, 150, 160
981, 413, 39, 38, 175
982, 493, 392, 413, 412
983, 510, 160, 161, 21
984, 566, 471, 544, 148
985, 22, 2, 504, 177
986, 447, 406, 426, 405
987, 524, 326, 346, 325
988, 488, 201, 45, 46
989, 512, 503, 162, 180
990, 3, 179, 409, 429
991, 524, 443, 565, 131
992, 180, 503, 162, 2
993, 429, 178, 428, 23
994, 429, 23, 3, 178
995, 567, 283, 455, 262
996, 447, 425, 404, 405
997, 447, 426, 425, 405
998, 513, 164, 26, 163
999, 509, 404, 558, 383
1000, 447, 406, 512, 427
1001, 447, 144, 448, 154
1002, 446, 164, 27, 26
1003, 450, 28, 166, 165
1004, 558, 402, 562, 381
1005, 448, 423, 402, 403
1006, 449, 421, 400, 401
1007, 448, 145, 154, 144
1008, 422, 167, 29, 165
1009, 165, 29, 423, 28
1010, 528, 113, 122, 103
1011, 468, 420, 419, 399
1012, 421, 30, 167, 169
1013, 446, 27, 164, 166
1014, 543, 400, 399, 379
1015, 468, 400, 420, 399
1016, 468, 449, 146, 156
1017, 542, 398, 397, 377
1018, 544, 397, 396, 376
1019, 543, 468, 146, 147
1020, 468, 147, 471, 157
1021, 418, 417, 34, 171
1022, 419, 33, 32, 170
1023, 471, 148, 158, 157
1024, 440, 158, 514, 494
1025, 494, 416, 415, 395
1026, 450, 424, 28, 423
1027, 415, 172, 36, 416
1028, 514, 34, 171, 35
1029, 172, 416, 35, 36
1030, 522, 111, 121, 120
1031, 510, 493, 391, 390
1032, 414, 37, 174, 173
1033, 440, 441, 442, 414
1034, 564, 390, 370, 391
1035, 414, 441, 442, 413
1036, 510, 39, 175, 176
1037, 510, 40, 412, 39
1038, 175, 412, 413, 39
1039, 510, 411, 390, 391
1040, 510, 39, 176, 40
1041, 537, 267, 246, 247
1042, 559, 286, 266, 287
1043, 505, 142, 552, 152
1044, 466, 449, 167, 421
1045, 559, 560, 109, 110
1046, 528, 343, 322, 323
1047, 551, 550, 262, 263
1048, 539, 559, 109, 99
1049, 551, 555, 263, 561
1050, 509, 563, 385, 384
1051, 509, 405, 384, 385
1052, 563, 123, 553, 364
1053, 446, 27, 450, 424
1054, 539, 267, 268, 288
1055, 515, 383, 382, 362
1056, 563, 384, 383, 363
1057, 513, 163, 15, 164
1058, 432, 63, 506, 73
1059, 558, 402, 382, 403
1060, 448, 424, 423, 403
1061, 558, 402, 381, 382
1062, 557, 360, 380, 359
1063, 400, 468, 466, 449
1064, 562, 381, 402, 401
1065, 543, 562, 136, 146
1066, 515, 124, 563, 362
1067, 517, 358, 378, 357
1068, 543, 379, 399, 378
1069, 557, 380, 379, 359
1070, 550, 555, 551, 91
1071, 466, 468, 156, 449
1072, 566, 485, 544, 375
1073, 542, 356, 376, 355
1074, 550, 479, 282, 455
1075, 542, 485, 355, 376
1076, 542, 137, 544, 147
1077, 566, 494, 394, 395
1078, 466, 468, 420, 419
1079, 172, 440, 415, 174
1080, 566, 375, 395, 374
1081, 37, 415, 174, 36
1082, 494, 149, 158, 148
1083, 479, 455, 281, 282
1084, 441, 159, 149, 150
1085, 567, 555, 263, 550
1086, 478, 507, 370, 349
1087, 409, 452, 504, 42
1088, 510, 412, 40, 411
1089, 451, 556, 151, 564
1090, 451, 409, 388, 389
1091, 554, 535, 561, 91
1092, 552, 386, 387, 407
1093, 181, 488, 486, 45
1094, 553, 385, 364, 365
1095, 529, 553, 123, 364
1096, 443, 346, 565, 366
1097, 491, 343, 363, 342
1098, 491, 364, 363, 343
1099, 563, 491, 362, 124
1100, 549, 362, 361, 341
1101, 450, 448, 424, 423
1102, 549, 340, 360, 339
1103, 549, 361, 360, 340
1104, 562, 400, 379, 380
1105, 437, 359, 358, 338
1106, 563, 383, 362, 363
1107, 437, 339, 359, 338
1108, 557, 562, 381, 135
1109, 515, 125, 557, 135
1110, 497, 357, 356, 336
1111, 508, 332, 483, 353
1112, 497, 517, 356, 357
1113, 484, 353, 354, 374
1114, 483, 355, 334, 335
1115, 517, 485, 137, 127
1116, 19, 171, 172, 158
1117, 484, 139, 496, 495
1118, 566, 471, 396, 544
1119, 557, 437, 358, 126
1120, 496, 507, 350, 371
1121, 517, 355, 485, 127
1122, 508, 353, 483, 484
1123, 351, 330, 508, 331
1124, 508, 352, 351, 331
1125, 485, 376, 544, 375
1126, 539, 559, 99, 540
1127, 478, 507, 130, 140
1128, 537, 502, 247, 246
1129, 441, 413, 173, 175
1130, 554, 559, 555, 265
1131, 455, 454, 302, 303
1132, 408, 429, 388, 505
1133, 524, 477, 348, 327
1134, 456, 197, 9, 188
1135, 533, 347, 367, 346
1136, 554, 90, 470, 535
1137, 442, 494, 149, 159
1138, 478, 369, 533, 348
1139, 42, 179, 409, 3
1140, 563, 364, 385, 384
1141, 477, 121, 131, 130
1142, 565, 533, 367, 346
1143, 554, 535, 244, 243
1144, 553, 142, 132, 123
1145, 443, 325, 366, 345
1146, 503, 180, 512, 178
1147, 509, 143, 552, 133
1148, 454, 345, 344, 324
1149, 529, 132, 553, 366
1150, 554, 90, 91, 100
1151, 530, 322, 342, 321
1152, 530, 341, 473, 320
1153, 491, 363, 362, 342
1154, 515, 362, 382, 361
1155, 563, 491, 363, 362
1156, 549, 473, 339, 115
1157, 515, 557, 381, 135
1158, 549, 491, 114, 124
1159, 317, 318, 474, 338
1160, 562, 401, 400, 380
1161, 491, 362, 341, 342
1162, 543, 379, 517, 136
1163, 557, 358, 437, 359
1164, 543, 562, 146, 400
1165, 549, 115, 437, 125
1166, 476, 314, 335, 334
1167, 497, 437, 358, 337
1168, 565, 141, 131, 132
1169, 483, 127, 117, 118
1170, 483, 485, 127, 128
1171, 540, 266, 245, 246
1172, 471, 148, 494, 158
1173, 476, 497, 483, 335
1174, 484, 495, 566, 138
1175, 496, 507, 371, 492
1176, 534, 500, 310, 309
1177, 477, 349, 348, 328
1178, 500, 311, 331, 310
1179, 542, 471, 147, 544
1180, 534, 331, 330, 310
1181, 534, 330, 309, 310
1182, 477, 507, 349, 350
1183, 448, 424, 403, 404
1184, 176, 41, 411, 40
1185, 533, 367, 347, 368
1186, 550, 551, 92, 91
1187, 556, 564, 141, 151
1188, 525, 306, 307, 327
1189, 443, 565, 132, 366
1190, 434, 436, 488, 202
1191, 443, 366, 325, 346
1192, 553, 365, 386, 385
1193, 521, 345, 324, 304
1194, 443, 366, 529, 345
1195, 528, 113, 529, 122
1196, 563, 364, 491, 123
1197, 529, 528, 454, 344
1198, 492, 371, 391, 370
1199, 528, 323, 322, 302
1200, 453, 283, 324, 303
1201, 453, 567, 523, 284
1202, 505, 408, 367, 388
1203, 521, 325, 443, 345
1204, 528, 343, 529, 113
1205, 528, 103, 530, 113
1206, 301, 321, 530, 300
1207, 299, 104, 473, 320
1208, 549, 341, 361, 340
1209, 474, 338, 337, 317
1210, 549, 341, 473, 114
1211, 437, 358, 337, 338
1212, 563, 553, 123, 133
1213, 297, 473, 474, 318
1214, 473, 319, 318, 298
1215, 473, 318, 297, 298
1216, 557, 358, 517, 126
1217, 449, 421, 422, 167
1218, 474, 115, 473, 105
1219, 517, 377, 356, 357
1220, 316, 337, 474, 476
1221, 295, 474, 106, 294
1222, 449, 400, 421, 466
1223, 313, 293, 292, 107
1224, 476, 106, 516, 107
1225, 476, 313, 499, 107
1226, 499, 332, 311, 312
1227, 531, 105, 473, 104
1228, 483, 334, 355, 354
1229, 351, 534, 350, 129
1230, 515, 125, 134, 124
1231, 495, 373, 442, 496
1232, 499, 292, 312, 291
1233, 508, 332, 500, 118
1234, 311, 500, 332, 499
1235, 560, 288, 309, 308
1236, 500, 288, 289, 309
1237, 534, 560, 120, 119
1238, 500, 538, 109, 108
1239, 329, 350, 534, 477
1240, 525, 306, 286, 307
1241, 525, 328, 327, 307
1242, 524, 131, 565, 533
1243, 488, 436, 70, 486
1244, 522, 305, 306, 326
1245, 521, 524, 325, 326
1246, 103, 112, 528, 482
1247, 528, 530, 343, 113
1248, 528, 482, 454, 302
1249, 454, 344, 323, 324
1250, 482, 302, 301, 281
1251, 567, 102, 455, 112
1252, 488, 486, 201, 436
1253, 530, 473, 341, 114
1254, 473, 340, 339, 319
1255, 301, 528, 530, 322
1256, 536, 301, 300, 280
1257, 536, 300, 279, 280
1258, 536, 530, 103, 104
1259, 536, 530, 320, 300
1260, 300, 536, 299, 320
1261, 530, 321, 320, 300
1262, 536, 482, 93, 103
1263, 536, 93, 545, 94
1264, 475, 531, 297, 276
1265, 509, 133, 552, 385
1266, 475, 296, 295, 275
1267, 476, 474, 106, 116
1268, 516, 475, 96, 106
1269, 475, 276, 297, 296
1270, 474, 297, 318, 317
1271, 558, 135, 562, 145
1272, 501, 107, 516, 97
1273, 154, 15, 446, 513
1274, 543, 379, 562, 400
1275, 290, 501, 270, 538
1276, 515, 382, 381, 361
1277, 272, 501, 547, 271
1278, 501, 271, 291, 270
1279, 476, 117, 116, 107
1280, 108, 500, 290, 499
1281, 500, 290, 311, 310
1282, 499, 500, 290, 311
1283, 537, 548, 538, 268
1284, 270, 538, 269, 290
1285, 437, 115, 116, 125
1286, 485, 137, 127, 128
1287, 500, 310, 289, 290
1288, 499, 118, 117, 108
1289, 534, 119, 500, 560
1290, 553, 142, 123, 133
1291, 452, 42, 41, 177
1292, 446, 450, 448, 424
1293, 559, 540, 554, 100
1294, 537, 540, 99, 89
1295, 483, 333, 354, 353
1296, 534, 525, 477, 120
1297, 523, 567, 555, 284
1298, 285, 523, 286, 265
1299, 534, 560, 500, 309
1300, 534, 120, 477, 130
1301, 524, 522, 477, 327
1302, 523, 555, 101, 100
1303, 560, 110, 120, 119
1304, 451, 510, 452, 411
1305, 523, 305, 284, 285
1306, 533, 369, 368, 348
1307, 559, 99, 100, 109
1308, 521, 325, 304, 305
1309, 528, 344, 343, 323
1310, 510, 412, 175, 39
1311, 503, 429, 409, 179
1312, 455, 302, 282, 303
1313, 528, 302, 454, 323
1314, 482, 301, 280, 281
1315, 479, 482, 93, 280
1316, 479, 102, 92, 83
1317, 479, 282, 281, 261
1318, 455, 302, 281, 282
1319, 536, 280, 545, 93
1320, 479, 480, 259, 83
1321, 322, 321, 530, 301
1322, 536, 299, 278, 279
1323, 473, 339, 318, 319
1324, 529, 123, 132, 113
1325, 368, 556, 367, 388
1326, 531, 277, 297, 276
1327, 518, 257, 277, 256
1328, 531, 298, 297, 277
1329, 519, 84, 75, 85
1330, 518, 545, 84, 94
1331, 491, 123, 113, 114
1332, 475, 276, 520, 95
1333, 520, 275, 274, 254
1334, 489, 255, 520, 254
1335, 476, 336, 315, 316
1336, 475, 106, 105, 96
1337, 475, 105, 95, 96
1338, 520, 274, 532, 253
1339, 475, 520, 274, 96
1340, 516, 475, 274, 96
1341, 476, 315, 314, 294
1342, 475, 520, 276, 275
1343, 516, 274, 532, 96
1344, 546, 541, 248, 548
1345, 250, 251, 546, 547
1346, 501, 538, 108, 98
1347, 516, 532, 272, 97
1348, 547, 250, 271, 270
1349, 548, 269, 248, 249
1350, 534, 309, 329, 308
1351, 538, 269, 290, 289
1352, 546, 548, 547, 88
1353, 501, 270, 291, 290
1354, 500, 310, 309, 289
1355, 508, 128, 483, 118
1356, 474, 115, 106, 116
1357, 21, 510, 441, 175
1358, 329, 308, 328, 477
1359, 525, 287, 308, 307
1360, 488, 12, 434, 182
1361, 477, 348, 327, 328
1362, 477, 120, 121, 130
1363, 523, 555, 285, 284
1364, 567, 263, 283, 262
1365, 441, 20, 159, 160
1366, 453, 444, 521, 111
1367, 554, 265, 555, 264
1368, 545, 259, 279, 258
1369, 479, 259, 545, 83
1370, 545, 259, 526, 83
1371, 480, 259, 238, 239
1372, 545, 258, 278, 257
1373, 526, 519, 469, 236
1374, 465, 526, 236, 237
1375, 506, 238, 526, 237
1376, 518, 278, 531, 277
1377, 526, 519, 84, 74
1378, 549, 125, 124, 115
1379, 170, 471, 171, 157
1380, 489, 520, 518, 85
1381, 489, 519, 256, 235
1382, 526, 237, 257, 236
1383, 476, 516, 293, 107
1384, 520, 274, 253, 254
1385, 520, 95, 85, 86
1386, 532, 273, 272, 252
1387, 490, 253, 498, 232
1388, 490, 520, 86, 253
1389, 557, 437, 360, 359
1390, 107, 293, 476, 313
1391, 516, 274, 475, 295
1392, 516, 96, 532, 97
1393, 497, 117, 127, 126
1394, 501, 547, 270, 548
1395, 229, 546, 230, 459
1396, 546, 230, 459, 77
1397, 476, 334, 499, 313
1398, 498, 252, 251, 231
1399, 563, 133, 124, 134
1400, 538, 501, 270, 548
1401, 547, 88, 548, 98
1402, 500, 539, 289, 288
1403, 539, 268, 289, 288
1404, 537, 268, 539, 267
1405, 541, 89, 548, 88
1406, 541, 439, 78, 227
1407, 108, 290, 501, 499
1408, 559, 100, 110, 109
1409, 227, 546, 459, 78
1410, 560, 287, 288, 308
1411, 542, 544, 376, 397
1412, 470, 90, 540, 89
1413, 502, 226, 246, 225
1414, 560, 110, 119, 109
1415, 502, 245, 470, 224
1416, 435, 70, 436, 80
1417, 535, 244, 243, 223
1418, 502, 470, 540, 89
1419, 554, 561, 555, 91
1420, 554, 535, 91, 90
1421, 436, 223, 535, 222
1422, 476, 499, 117, 107
1423, 487, 561, 221, 222
1424, 243, 561, 242, 263
1425, 551, 261, 241, 282
1426, 453, 112, 567, 455
1427, 550, 479, 455, 102
1428, 207, 51, 187, 186
1429, 525, 327, 477, 522
1430, 536, 482, 280, 93
1431, 480, 260, 259, 239
1432, 506, 480, 526, 238
1433, 506, 526, 480, 73
1434, 506, 63, 465, 73
1435, 465, 73, 63, 64
1436, 506, 217, 237, 216
1437, 518, 545, 94, 278
1438, 465, 236, 216, 237
1439, 518, 545, 257, 519
1440, 518, 277, 276, 256
1441, 545, 93, 83, 84
1442, 445, 192, 464, 59
1443, 463, 213, 214, 234
1444, 460, 461, 463, 65
1445, 547, 532, 87, 97
1446, 457, 461, 66, 76
1447, 294, 474, 106, 476
1448, 490, 86, 520, 85
1449, 490, 253, 232, 233
1450, 498, 532, 87, 251
1451, 457, 461, 211, 458
1452, 546, 498, 77, 87
1453, 457, 231, 230, 210
1454, 516, 107, 106, 97
1455, 516, 532, 274, 273
1456, 516, 475, 106, 295
1457, 498, 251, 230, 231
1458, 474, 116, 437, 115
1459, 474, 317, 316, 296
1460, 516, 295, 294, 274
1461, 501, 547, 98, 97
1462, 459, 78, 439, 227
1463, 541, 226, 439, 227
1464, 539, 267, 288, 287
1465, 502, 541, 79, 89
1466, 546, 227, 541, 78
1467, 557, 136, 135, 126
1468, 435, 80, 436, 470
1469, 472, 207, 459, 206
1470, 502, 541, 439, 79
1471, 418, 33, 171, 34
1472, 502, 79, 470, 89
1473, 561, 242, 551, 487
1474, 554, 540, 265, 244
1475, 435, 502, 224, 225
1476, 71, 486, 13, 70
1477, 487, 436, 71, 81
1478, 555, 264, 265, 285
1479, 551, 481, 92, 82
1480, 242, 221, 487, 561
1481, 561, 242, 222, 243
1482, 551, 263, 262, 242
1483, 431, 432, 72, 63
1484, 487, 241, 220, 221
1485, 432, 240, 239, 219
1486, 62, 61, 217, 431
1487, 218, 430, 219, 196
1488, 527, 217, 216, 61
1489, 430, 72, 433, 71
1490, 527, 193, 194, 61
1491, 518, 256, 519, 257
1492, 536, 545, 280, 279
1493, 519, 256, 236, 257
1494, 526, 519, 236, 257
1495, 526, 83, 73, 74
1496, 445, 215, 214, 59
1497, 518, 276, 255, 256
1498, 489, 85, 519, 75
1499, 445, 58, 190, 192
1500, 475, 531, 276, 95
1501, 526, 258, 257, 237
1502, 501, 272, 293, 292
1503, 213, 212, 191, 57
1504, 460, 461, 211, 212
1505, 231, 232, 457, 498
1506, 531, 297, 473, 105
1507, 456, 458, 188, 66
1508, 457, 211, 231, 210
1509, 532, 272, 251, 252
1510, 546, 229, 249, 228
1511, 552, 387, 408, 407
1512, 456, 209, 459, 208
1513, 228, 227, 546, 459
1514, 207, 206, 187, 51
1515, 537, 99, 538, 548
1516, 541, 227, 247, 226
1517, 459, 439, 206, 227
1518, 459, 208, 207, 186
1519, 448, 423, 449, 402
1520, 456, 459, 457, 67
1521, 438, 205, 439, 204
1522, 208, 53, 52, 197
1523, 502, 224, 225, 245
1524, 207, 186, 52, 51
1525, 500, 538, 289, 539
1526, 555, 264, 285, 284
1527, 435, 204, 224, 203
1528, 538, 548, 269, 268
1529, 521, 522, 326, 305
1530, 49, 185, 205, 50
1531, 434, 47, 182, 184
1532, 453, 521, 304, 305
1533, 488, 202, 201, 46
1534, 449, 422, 421, 401
1535, 486, 200, 44, 45
1536, 486, 181, 12, 488
1537, 434, 203, 202, 47
1538, 551, 82, 92, 91
1539, 486, 220, 200, 221
1540, 430, 71, 486, 198
1541, 436, 71, 81, 80
1542, 455, 282, 262, 303
1543, 477, 349, 328, 329
1544, 44, 199, 198, 43
1545, 432, 82, 433, 72
1546, 481, 261, 260, 240
1547, 567, 263, 284, 283
1548, 195, 199, 219, 43
1549, 432, 480, 239, 481
1550, 62, 194, 431, 196
1551, 456, 186, 459, 67
1552, 517, 137, 136, 127
1553, 548, 269, 268, 248
1554, 210, 209, 456, 54
1555, 197, 53, 456, 208
1556, 459, 208, 229, 228
1557, 456, 53, 197, 188
1558, 61, 194, 431, 62
1559, 218, 196, 4, 62
1560, 430, 199, 486, 433
1561, 433, 199, 220, 240
1562, 13, 71, 1, 198
1563, 431, 506, 217, 218
1564, 219, 43, 4, 195
1565, 430, 198, 195, 1
1566, 432, 239, 218, 219
1567, 432, 481, 239, 240
1568, 527, 63, 5, 193
1569, 82, 81, 487, 72
1570, 430, 199, 219, 195
1571, 464, 60, 215, 59
1572, 445, 462, 469, 64
1573, 430, 1, 431, 72
1574, 463, 235, 234, 214
1575, 100, 559, 555, 554
1576, 462, 214, 463, 213
1577, 58, 462, 445, 190
1578, 464, 216, 215, 60
1579, 430, 196, 431, 1
1580, 445, 64, 464, 6
1581, 431, 61, 217, 527
1582, 64, 464, 6, 63
1583, 489, 520, 490, 254
1584, 545, 279, 278, 258
1585, 206, 185, 50, 205
1586, 212, 57, 56, 191
1587, 442, 371, 372, 392
1588, 437, 360, 359, 339
1589, 198, 486, 199, 44
1590, 462, 57, 190, 58
1591, 460, 462, 7, 65
1592, 464, 59, 192, 193
1593, 475, 297, 531, 105
1594, 515, 125, 135, 134
1595, 490, 85, 75, 76
1596, 466, 467, 32, 168
1597, 445, 6, 192, 190
1598, 204, 48, 183, 49
1599, 538, 109, 108, 99
1600, 466, 167, 449, 156
1601, 7, 462, 190, 64
1602, 472, 459, 186, 68
1603, 462, 65, 64, 7
1604, 449, 402, 422, 401
1605, 460, 461, 65, 66
1606, 501, 108, 107, 98
1607, 286, 559, 266, 265
1608, 548, 249, 270, 269
1609, 54, 209, 456, 53
1610, 457, 232, 231, 211
1611, 141, 505, 556, 151
1612, 539, 559, 540, 266
1613, 554, 264, 243, 244
1614, 458, 54, 188, 55
1615, 185, 472, 206, 187
1616, 438, 204, 203, 48
1617, 550, 455, 282, 262
1618, 487, 72, 433, 82
1619, 472, 69, 439, 68
1620, 69, 11, 472, 438
1621, 298, 531, 473, 299
1622, 464, 59, 193, 60
1623, 431, 5, 1, 194
1624, 489, 234, 255, 254
1625, 527, 60, 193, 61
1626, 488, 202, 436, 201
1627, 430, 432, 218, 219
1628, 530, 114, 491, 113
1629, 432, 481, 433, 82
1630, 92, 479, 481, 551
1631, 205, 185, 49, 183
1632, 438, 435, 203, 204
1633, 430, 71, 1, 72
1634, 431, 72, 1, 5
1635, 503, 504, 162, 2
1636, 557, 360, 437, 125
1637, 151, 510, 493, 160
1638, 434, 47, 202, 46
1639, 456, 67, 457, 66
1640, 465, 236, 215, 216
1641, 434, 47, 438, 203
1642, 439, 227, 226, 206
1643, 435, 70, 80, 79
1644, 472, 187, 185, 10
1645, 452, 42, 410, 41
1646, 481, 479, 261, 551
1647, 435, 225, 224, 204
1648, 436, 222, 202, 223
1649, 438, 435, 439, 69
1650, 540, 100, 99, 90
1651, 434, 184, 438, 47
1652, 438, 48, 47, 184
1653, 208, 207, 186, 52
1654, 488, 486, 70, 12
1655, 451, 388, 505, 556
1656, 431, 217, 506, 527
1657, 505, 142, 141, 565
1658, 472, 11, 68, 10
1659, 14, 180, 153, 2
1660, 510, 391, 493, 412
1661, 536, 300, 299, 279
1662, 442, 441, 149, 493
1663, 465, 74, 73, 64
1664, 528, 529, 343, 344
1665, 488, 181, 46, 45
1666, 13, 181, 12, 486
1667, 182, 181, 488, 12
1668, 489, 235, 256, 255
1669, 454, 323, 302, 303
1670, 567, 101, 102, 111
1671, 196, 430, 219, 195
1672, 434, 46, 182, 47
1673, 434, 70, 69, 12
1674, 502, 246, 540, 245
1675, 24, 23, 428, 180
1676, 456, 9, 67, 66
1677, 511, 447, 427, 426
1678, 519, 235, 469, 236
1679, 196, 62, 218, 431
1680, 193, 5, 6, 63
1681, 445, 469, 214, 215
1682, 512, 406, 407, 427
1683, 452, 42, 409, 410
1684, 523, 555, 265, 285
1685, 518, 545, 519, 84
1686, 409, 503, 505, 429
1687, 489, 518, 519, 85
1688, 64, 462, 190, 445
1689, 460, 191, 189, 7
1690, 463, 469, 64, 74
1691, 463, 519, 469, 74
1692, 519, 235, 236, 256
1693, 557, 126, 135, 125
1694, 462, 57, 191, 190
1695, 505, 429, 388, 409
1696, 460, 8, 66, 65
1697, 2, 180, 153, 162
1698, 151, 451, 564, 493
1699, 503, 505, 162, 504
1700, 503, 178, 2, 180
1701, 55, 460, 458, 211
1702, 493, 151, 150, 564
1703, 456, 67, 9, 186
1704, 460, 212, 211, 56
1705, 461, 232, 211, 212
1706, 464, 6, 63, 193
1707, 558, 135, 145, 144
1708, 441, 510, 412, 175
1709, 451, 452, 505, 409
1710, 461, 66, 76, 75
1711, 460, 7, 8, 65
1712, 464, 6, 193, 192
1713, 524, 347, 326, 327
1714, 489, 490, 233, 254
1715, 472, 439, 459, 68
1716, 462, 463, 214, 469
1717, 458, 188, 189, 55
1718, 459, 186, 68, 67
1719, 457, 461, 76, 232
1720, 526, 259, 258, 238
1721, 160, 151, 150, 493
1722, 498, 77, 87, 86
1723, 431, 432, 506, 218
1724, 160, 21, 510, 441
1725, 464, 465, 216, 527
1726, 176, 41, 410, 411
1727, 564, 369, 370, 390
1728, 496, 373, 372, 352
1729, 178, 429, 428, 512
1730, 514, 35, 171, 172
1731, 68, 10, 67, 186
1732, 490, 254, 253, 233
1733, 174, 173, 440, 414
1734, 413, 442, 493, 441
1735, 8, 188, 66, 9
1736, 457, 67, 77, 76
1737, 413, 173, 175, 38
1738, 442, 392, 492, 371
1739, 484, 353, 374, 373
1740, 10, 67, 186, 9
1741, 493, 451, 564, 390
1742, 566, 374, 395, 394
1743, 472, 10, 68, 186
1744, 440, 514, 416, 494
1745, 438, 48, 184, 183
1746, 440, 494, 159, 158
1747, 542, 376, 377, 397
1748, 438, 205, 204, 183
1749, 468, 398, 419, 418
1750, 418, 471, 171, 170
1751, 514, 417, 171, 34
1752, 566, 375, 396, 395
1753, 445, 464, 64, 465
1754, 440, 441, 20, 159
1755, 508, 496, 351, 352
1756, 471, 171, 157, 158
1757, 505, 387, 367, 408
1758, 467, 157, 170, 18
1759, 434, 12, 69, 11
1760, 499, 333, 332, 312
1761, 475, 520, 96, 95
1762, 503, 504, 2, 179
1763, 474, 105, 475, 106
1764, 472, 69, 68, 11
1765, 557, 136, 562, 135
1766, 439, 78, 68, 69
1767, 466, 168, 169, 17
1768, 543, 517, 378, 377
1769, 486, 45, 44, 181
1770, 466, 156, 468, 157
1771, 543, 147, 146, 137
1772, 466, 31, 169, 168
1773, 421, 31, 30, 169
1774, 422, 29, 167, 30
1775, 12, 486, 70, 13
1776, 435, 202, 203, 223
1777, 435, 470, 79, 80
1778, 167, 16, 165, 155
1779, 179, 504, 2, 177
1780, 466, 157, 18, 17
1781, 468, 147, 157, 156
1782, 509, 563, 383, 134
1783, 504, 162, 2, 22
1784, 496, 372, 371, 351
1785, 428, 180, 178, 512
1786, 436, 71, 80, 70
1787, 530, 342, 341, 321
1788, 509, 405, 404, 384
1789, 496, 372, 351, 352
1790, 486, 45, 201, 200
1791, 486, 44, 198, 181
1792, 442, 495, 394, 373
1793, 515, 135, 558, 134
1794, 452, 161, 504, 22
1795, 436, 561, 535, 81
1796, 432, 73, 82, 63
1797, 465, 526, 74, 469
1798, 509, 134, 558, 144
1799, 480, 239, 481, 260
1800, 480, 92, 82, 73
1801, 519, 84, 74, 75
1802, 549, 515, 125, 360
1803, 469, 215, 235, 214
1804, 515, 563, 124, 134
1805, 476, 336, 335, 315
1806, 446, 513, 447, 154
1807, 479, 93, 102, 83
1808, 531, 95, 104, 94
1809, 450, 424, 27, 28
1810, 504, 162, 22, 161
1811, 105, 297, 473, 474
1812, 511, 427, 24, 25
1813, 457, 76, 66, 67
1814, 529, 365, 364, 344
1815, 446, 15, 166, 164
1816, 501, 98, 107, 97
1817, 154, 153, 163, 513
1818, 509, 552, 143, 406
1819, 457, 211, 461, 232
1820, 459, 77, 68, 78
1821, 206, 50, 187, 51
1822, 490, 85, 76, 86
1823, 513, 26, 25, 163
1824, 473, 115, 114, 105
1825, 498, 76, 77, 86
1826, 153, 447, 513, 154
1827, 546, 78, 87, 77
1828, 547, 98, 97, 88
1829, 548, 248, 268, 247
1830, 439, 78, 69, 79
1831, 487, 433, 220, 481
1832, 558, 383, 403, 382
1833, 536, 103, 94, 104
1834, 550, 91, 92, 101
1835, 492, 493, 150, 564
1836, 530, 104, 113, 103
1837, 431, 72, 5, 63
1838, 483, 333, 353, 332
1839, 470, 224, 245, 244
1840, 475, 520, 275, 274
1841, 487, 242, 551, 241
1842, 440, 174, 172, 20
1843, 418, 33, 170, 171
1844, 442, 495, 494, 394
1845, 550, 551, 262, 282
1846, 371, 442, 496, 492
1847, 167, 17, 16, 156
1848, 63, 465, 464, 527
1849, 432, 506, 239, 480
1850, 436, 535, 470, 80
1851, 167, 16, 155, 156
1852, 205, 204, 183, 49
1853, 155, 165, 449, 450
1854, 15, 446, 513, 164
1855, 558, 144, 134, 135
1856, 562, 449, 145, 146
1857, 446, 155, 15, 154
1858, 431, 432, 63, 506
1859, 566, 494, 148, 495
1860, 461, 233, 232, 212
1861, 511, 180, 153, 14
1862, 163, 14, 153, 154
1863, 163, 14, 154, 15
1864, 526, 83, 74, 84
1865, 460, 213, 212, 191
1866, 414, 37, 173, 38
1867, 474, 317, 296, 297
1868, 518, 94, 84, 85
1869, 442, 372, 373, 393
1870, 463, 519, 235, 469
1871, 484, 496, 139, 129
1872, 471, 396, 417, 416
1873, 523, 110, 100, 101
1874, 458, 211, 210, 55
1875, 492, 139, 140, 149
1876, 452, 41, 410, 176
1877, 442, 493, 492, 392
1878, 505, 552, 142, 387
1879, 472, 207, 206, 187
1880, 452, 177, 22, 504
1881, 492, 564, 370, 391
1882, 543, 399, 398, 378
1883, 440, 158, 159, 19
1884, 471, 157, 147, 148
1885, 456, 457, 209, 210
1886, 541, 79, 88, 78
1887, 208, 52, 186, 197
1888, 546, 87, 78, 88
1889, 434, 488, 436, 70
1890, 439, 226, 225, 205
1891, 478, 349, 370, 369
1892, 540, 267, 266, 246
1893, 535, 90, 81, 91
1894, 263, 550, 262, 567
1895, 441, 160, 21, 20
1896, 541, 88, 79, 89
1897, 548, 88, 89, 98
1898, 472, 439, 205, 206
1899, 478, 348, 349, 369
1900, 470, 540, 244, 245
1901, 484, 373, 496, 352
1902, 171, 19, 18, 158
1903, 542, 355, 517, 356
1904, 561, 91, 535, 81
1905, 463, 489, 461, 233
1906, 457, 210, 458, 211
1907, 494, 495, 149, 148
1908, 494, 158, 149, 159
1909, 483, 335, 356, 355
1910, 436, 535, 561, 222
1911, 479, 480, 83, 92
1912, 550, 101, 92, 102
1913, 523, 559, 555, 100
1914, 476, 117, 497, 116
1915, 566, 471, 494, 395
1916, 435, 79, 502, 439
1917, 149, 139, 495, 442
1918, 446, 155, 450, 16
1919, 489, 233, 234, 254
1920, 546, 78, 541, 88
1921, 442, 372, 393, 392
1922, 446, 16, 15, 155
1923, 479, 260, 281, 280
1924, 482, 102, 93, 112
1925, 466, 156, 157, 17
1926, 516, 97, 106, 96
1927, 450, 422, 423, 165
1928, 545, 94, 93, 84
1929, 536, 299, 531, 278
1930, 547, 272, 271, 251
1931, 448, 404, 425, 424
1932, 448, 145, 155, 154
1933, 565, 387, 505, 142
1934, 518, 94, 85, 95
1935, 565, 505, 556, 141
1936, 530, 113, 104, 114
1937, 474, 106, 115, 105
1938, 547, 88, 97, 87
1939, 463, 65, 75, 74
1940, 520, 95, 86, 96
1941, 460, 56, 189, 191
1942, 532, 87, 96, 86
1943, 556, 368, 389, 388
1944, 447, 144, 153, 143
1945, 556, 368, 533, 369
1946, 532, 96, 87, 97
1947, 546, 251, 250, 230
1948, 493, 412, 391, 392
1949, 564, 141, 151, 150
1950, 459, 228, 207, 208
1951, 435, 439, 69, 79
1952, 534, 477, 507, 130
1953, 444, 112, 121, 111
1954, 463, 65, 74, 64
1955, 463, 65, 461, 75
1956, 451, 505, 388, 409
1957, 539, 559, 266, 287
1958, 538, 108, 98, 99
1959, 522, 306, 327, 326
1960, 556, 564, 390, 369
1961, 470, 80, 89, 79
1962, 548, 98, 89, 99
1963, 505, 512, 162, 152
1964, 539, 288, 560, 287
1965, 463, 214, 469, 235
1966, 562, 145, 135, 136
1967, 451, 410, 390, 411
1968, 512, 407, 408, 428
1969, 453, 455, 567, 283
1970, 492, 391, 371, 392
1971, 432, 480, 82, 73
1972, 544, 396, 375, 376
1973, 482, 93, 103, 112
1974, 483, 485, 355, 127
1975, 536, 94, 103, 93
1976, 512, 427, 428, 180
1977, 171, 170, 157, 18
1978, 474, 316, 295, 296
1979, 518, 531, 95, 276
1980, 529, 113, 132, 122
1981, 505, 152, 161, 151
1982, 463, 489, 519, 75
1983, 474, 296, 475, 297
1984, 473, 320, 340, 319
1985, 453, 444, 111, 112
1986, 448, 449, 145, 402
1987, 549, 515, 124, 125
1988, 450, 166, 28, 27
1989, 475, 276, 296, 275
1990, 509, 558, 134, 383
1991, 449, 156, 155, 146
1992, 505, 552, 512, 152
1993, 473, 104, 105, 114
1994, 511, 512, 180, 427
1995, 512, 429, 428, 408
1996, 449, 146, 155, 145
1997, 474, 316, 315, 295
1998, 563, 133, 123, 124
1999, 394, 442, 414, 494
2000, 512, 152, 143, 162
2001, 552, 553, 386, 385
2002, 468, 398, 399, 419
2003, 497, 437, 337, 116
2004, 431, 506, 63, 527
2005, 549, 114, 115, 124
2006, 552, 512, 143, 406
2007, 500, 108, 109, 118
2008, 483, 499, 118, 117
2009, 503, 178, 179, 2
2010, 422, 421, 30, 167
2011, 439, 206, 226, 205
2012, 539, 267, 287, 266
2013, 512, 162, 143, 153
2014, 435, 439, 225, 204
2015, 509, 406, 447, 405
2016, 502, 247, 246, 226
2017, 3, 429, 178, 179
2018, 478, 564, 507, 140
2019, 478, 140, 131, 141
2020, 540, 265, 244, 245
2021, 23, 428, 180, 178
2022, 505, 162, 504, 161
2023, 554, 561, 243, 264
2024, 507, 129, 130, 139
2025, 440, 159, 20, 19
2026, 521, 305, 326, 325
2027, 453, 567, 284, 283
2028, 496, 129, 507, 139
2029, 487, 433, 481, 82
2030, 517, 127, 356, 355
2031, 534, 129, 119, 120
2032, 497, 337, 358, 357
2033, 528, 122, 112, 103
2034, 522, 525, 327, 306
2035, 530, 104, 473, 114
2036, 474, 437, 337, 338
2037, 308, 534, 477, 329
2038, 509, 143, 134, 144
2039, 696, 609, 608, 599
2040, 697, 698, 673, 699
2041, 697, 663, 699, 673
2042, 700, 701, 702, 699
2043, 697, 703, 671, 681
2044, 697, 700, 703, 698
2045, 697, 703, 681, 672
2046, 582, 595, 694, 695
2047, 700, 704, 698, 699
2048, 703, 705, 706, 700
2049, 707, 665, 655, 656
2050, 708, 702, 706, 705
2051, 700, 698, 704, 709
2052, 700, 703, 709, 706
2053, 710, 711, 705, 708
2054, 710, 705, 711, 661
2055, 712, 713, 714, 596
2056, 659, 715, 716, 710
2057, 710, 651, 650, 715
2058, 698, 717, 682, 683
2059, 698, 717, 672, 682
2060, 712, 586, 693, 599
2061, 681, 672, 703, 717
2062, 669, 711, 706, 670
2063, 697, 700, 698, 699
2064, 717, 718, 588, 589
2065, 717, 588, 568, 578
2066, 717, 691, 568, 570
2067, 698, 703, 719, 709
2068, 720, 600, 601, 610
2069, 698, 717, 719, 703
2070, 691, 717, 681, 690
2071, 717, 570, 719, 690
2072, 697, 699, 663, 701
2073, 697, 705, 701, 662
2074, 699, 701, 664, 663
2075, 698, 699, 674, 673
2076, 700, 703, 698, 709
2077, 701, 697, 700, 705
2078, 701, 721, 705, 707
2079, 653, 662, 663, 701
2080, 698, 718, 717, 683
2081, 722, 720, 714, 723
2082, 701, 707, 655, 724
2083, 666, 707, 665, 702
2084, 725, 607, 608, 617
2085, 701, 655, 707, 665
2086, 726, 727, 644, 724
2087, 728, 628, 627, 618
2088, 724, 729, 730, 726
2089, 599, 693, 720, 587
2090, 647, 729, 646, 730
2091, 726, 729, 636, 731
2092, 726, 645, 730, 724
2093, 726, 729, 646, 636
2094, 732, 733, 734, 622
2095, 727, 735, 731, 634
2096, 726, 727, 724, 729
2097, 728, 733, 619, 736
2098, 728, 733, 737, 629
2099, 728, 725, 617, 738
2100, 617, 738, 626, 728
2101, 730, 656, 655, 646
2102, 728, 733, 738, 731
2103, 728, 733, 739, 737
2104, 728, 738, 626, 731
2105, 723, 695, 579, 692
2106, 740, 741, 734, 696
2107, 722, 741, 734, 603
2108, 722, 741, 593, 723
2109, 722, 593, 741, 603
2110, 612, 734, 732, 613
2111, 732, 734, 612, 622
2112, 604, 614, 605, 740
2113, 613, 734, 732, 604
2114, 732, 731, 624, 625
2115, 732, 624, 735, 623
2116, 703, 709, 689, 719
2117, 703, 689, 709, 679
2118, 723, 593, 592, 580
2119, 699, 697, 700, 701
2120, 697, 671, 705, 662
2121, 706, 711, 703, 670
2122, 705, 706, 711, 703
2123, 737, 638, 628, 629
2124, 679, 703, 670, 706
2125, 722, 696, 720, 611
2126, 696, 597, 713, 712
2127, 588, 590, 718, 591
2128, 696, 693, 712, 714
2129, 696, 740, 741, 713
2130, 741, 734, 696, 722
2131, 740, 734, 736, 696
2132, 696, 600, 720, 610
2133, 722, 696, 611, 734
2134, 599, 693, 712, 696
2135, 692, 720, 569, 723
2136, 720, 569, 601, 600
2137, 714, 720, 696, 693
2138, 720, 692, 569, 587
2139, 696, 693, 720, 599
2140, 696, 736, 609, 610
2141, 742, 590, 574, 573
2142, 689, 719, 688, 591
2143, 719, 688, 591, 742
2144, 702, 667, 677, 676
2145, 709, 742, 688, 719
2146, 742, 572, 573, 688
2147, 742, 591, 572, 688
2148, 714, 693, 694, 692
2149, 702, 706, 705, 700
2150, 708, 707, 657, 667
2151, 709, 702, 677, 704
2152, 706, 708, 667, 702
2153, 707, 665, 702, 701
2154, 743, 684, 718, 704
2155, 684, 718, 589, 743
2156, 727, 721, 643, 724
2157, 743, 685, 576, 684
2158, 743, 590, 718, 589
2159, 743, 685, 575, 576
2160, 741, 713, 605, 595
2161, 741, 734, 603, 604
2162, 593, 741, 695, 723
2163, 709, 678, 687, 677
2164, 741, 713, 740, 605
2165, 723, 692, 579, 569
2166, 720, 714, 723, 692
2167, 723, 580, 695, 593
2168, 723, 579, 695, 580
2169, 647, 730, 648, 729
2170, 730, 648, 729, 716
2171, 716, 730, 648, 658
2172, 716, 659, 658, 649
2173, 727, 716, 724, 729
2174, 715, 727, 716, 721
2175, 727, 744, 715, 729
2176, 698, 718, 684, 704
2177, 701, 721, 707, 724
2178, 703, 690, 689, 680
2179, 727, 633, 735, 634
2180, 710, 721, 705, 661
2181, 721, 643, 724, 653
2182, 727, 744, 642, 721
2183, 727, 643, 721, 642
2184, 717, 682, 683, 578
2185, 743, 704, 686, 685
2186, 672, 703, 717, 698
2187, 743, 718, 590, 704
2188, 718, 591, 719, 588
2189, 717, 718, 589, 683
2190, 743, 704, 685, 684
2191, 698, 704, 684, 674
2192, 712, 583, 694, 584
2193, 712, 694, 583, 596
2194, 696, 713, 714, 712
2195, 732, 625, 624, 615
2196, 720, 599, 600, 696
2197, 585, 586, 693, 712
2198, 712, 693, 585, 584
2199, 728, 733, 731, 739
2200, 611, 736, 620, 734
2201, 728, 627, 617, 618
2202, 738, 731, 625, 626
2203, 696, 712, 598, 597
2204, 696, 725, 608, 736
2205, 714, 596, 694, 712
2206, 595, 695, 582, 594
2207, 595, 596, 694, 714
2208, 709, 742, 719, 704
2209, 696, 713, 741, 714
2210, 740, 738, 616, 617
2211, 695, 741, 595, 714
2212, 742, 687, 574, 686
2213, 710, 721, 707, 705
2214, 723, 714, 695, 692
2215, 696, 736, 610, 611
2216, 741, 734, 604, 740
2217, 722, 720, 696, 714
2218, 713, 712, 597, 596
2219, 596, 713, 714, 595
2220, 705, 701, 702, 700
2221, 742, 704, 718, 719
2222, 709, 719, 688, 689
2223, 589, 683, 578, 717
2224, 709, 687, 742, 704
2225, 703, 719, 689, 690
2226, 717, 719, 703, 690
2227, 717, 588, 719, 570
2228, 719, 571, 690, 570
2229, 716, 730, 707, 724
2230, 708, 658, 716, 659
2231, 729, 646, 730, 726
2232, 716, 724, 729, 730
2233, 716, 658, 648, 649
2234, 711, 671, 705, 703
2235, 699, 665, 701, 702
2236, 742, 590, 718, 704
2237, 714, 694, 695, 692
2238, 742, 686, 704, 687
2239, 722, 592, 593, 602
2240, 709, 742, 687, 688
2241, 700, 706, 709, 702
2242, 705, 708, 702, 707
2243, 719, 704, 698, 709
2244, 709, 704, 677, 687
2245, 671, 705, 703, 697
2246, 702, 704, 676, 677
2247, 732, 731, 735, 624
2248, 729, 648, 638, 639
2249, 729, 727, 716, 715
2250, 729, 638, 737, 639
2251, 721, 724, 716, 707
2252, 730, 655, 707, 724
2253, 698, 684, 718, 683
2254, 701, 705, 721, 653
2255, 699, 664, 701, 665
2256, 708, 716, 658, 730
2257, 710, 708, 707, 716
2258, 701, 662, 663, 697
2259, 699, 702, 704, 675
2260, 715, 651, 650, 744
2261, 701, 654, 724, 655
2262, 726, 635, 731, 636
2263, 732, 623, 613, 614
2264, 745, 733, 739, 731
2265, 732, 735, 622, 623
2266, 635, 634, 726, 731
2267, 745, 735, 622, 733
2268, 735, 623, 632, 622
2269, 735, 624, 634, 633
2270, 710, 708, 705, 707
2271, 727, 634, 643, 633
2272, 732, 740, 738, 615
2273, 718, 719, 704, 698
2274, 701, 705, 702, 707
2275, 702, 666, 676, 675
2276, 703, 680, 670, 671
2277, 724, 653, 643, 644
2278, 702, 665, 666, 675
2279, 707, 656, 666, 665
2280, 740, 614, 605, 615
2281, 729, 739, 737, 638
2282, 745, 733, 631, 630
2283, 745, 733, 737, 739
2284, 737, 739, 628, 638
2285, 728, 629, 737, 628
2286, 745, 729, 737, 639
2287, 729, 739, 637, 636
2288, 740, 725, 617, 607
2289, 732, 738, 734, 733
2290, 712, 584, 596, 583
2291, 739, 636, 626, 627
2292, 729, 646, 636, 637
2293, 669, 710, 659, 708
2294, 704, 675, 685, 684
2295, 708, 658, 659, 668
2296, 743, 685, 686, 575
2297, 721, 642, 661, 651
2298, 724, 644, 654, 653
2299, 700, 709, 704, 702
2300, 727, 744, 735, 632
2301, 716, 729, 649, 648
2302, 649, 659, 715, 716
2303, 727, 721, 724, 716
2304, 701, 653, 724, 654
2305, 729, 735, 745, 731
2306, 730, 647, 648, 657
2307, 715, 649, 650, 659
2308, 736, 740, 725, 738
2309, 740, 725, 738, 617
2310, 712, 694, 693, 584
2311, 710, 651, 721, 661
2312, 710, 650, 651, 660
2313, 710, 661, 660, 651
2314, 706, 708, 668, 667
2315, 708, 711, 669, 710
2316, 733, 629, 620, 630
2317, 651, 721, 715, 710
2318, 710, 721, 716, 707
2319, 705, 661, 671, 711
2320, 707, 657, 667, 666
2321, 706, 711, 708, 705
2322, 708, 659, 669, 668
2323, 731, 626, 636, 635
2324, 705, 661, 652, 671
2325, 670, 711, 703, 671
2326, 708, 702, 707, 667
2327, 670, 711, 671, 661
2328, 660, 710, 659, 669
2329, 733, 620, 629, 619
2330, 728, 617, 627, 626
2331, 710, 708, 716, 659
2332, 650, 659, 710, 715
2333, 702, 666, 707, 667
2334, 744, 651, 641, 632
2335, 715, 716, 729, 649
2336, 728, 628, 739, 627
2337, 745, 737, 629, 639
2338, 745, 737, 733, 629
2339, 744, 735, 622, 745
2340, 745, 729, 731, 739
2341, 732, 613, 622, 612
2342, 744, 735, 745, 729
2343, 735, 624, 731, 634
2344, 670, 711, 661, 660
2345, 571, 591, 689, 572
2346, 710, 661, 711, 660
2347, 735, 727, 729, 744
2348, 732, 735, 731, 733
2349, 669, 706, 711, 708
2350, 709, 688, 678, 679
2351, 731, 635, 625, 626
2352, 727, 633, 642, 632
2353, 727, 632, 735, 633
2354, 729, 715, 649, 744
2355, 744, 640, 639, 630
2356, 737, 638, 629, 639
2357, 604, 603, 613, 734
2358, 728, 736, 738, 733
2359, 744, 651, 650, 641
2360, 744, 745, 631, 630
2361, 741, 695, 723, 714
2362, 734, 602, 603, 612
2363, 744, 745, 622, 631
2364, 740, 607, 616, 606
2365, 732, 733, 731, 738
2366, 649, 744, 639, 729
2367, 744, 650, 640, 641
2368, 728, 731, 626, 739
2369, 712, 714, 693, 694
2370, 708, 716, 730, 707
2371, 744, 632, 642, 651
2372, 744, 721, 651, 642
2373, 575, 590, 686, 743
2374, 742, 573, 572, 591
2375, 722, 723, 592, 601
2376, 733, 736, 620, 619
2377, 740, 738, 615, 616
2378, 732, 738, 731, 625
2379, 698, 674, 699, 704
2380, 697, 703, 700, 705
2381, 740, 605, 606, 615
2382, 571, 591, 719, 689
2383, 706, 709, 702, 677
2384, 742, 686, 574, 590
2385, 704, 675, 684, 674
2386, 743, 684, 576, 589
2387, 742, 590, 704, 686
2388, 718, 588, 589, 590
2389, 717, 681, 690, 703
2390, 577, 589, 683, 578
2391, 717, 578, 589, 588
2392, 736, 619, 618, 609
2393, 684, 683, 577, 589
2394, 700, 699, 702, 704
2395, 717, 682, 568, 691
2396, 717, 682, 691, 672
2397, 722, 741, 723, 714
2398, 725, 736, 618, 608
2399, 689, 571, 690, 719
2400, 683, 684, 718, 589
2401, 717, 718, 719, 588
2402, 570, 591, 719, 571
2403, 733, 630, 621, 631
2404, 743, 704, 590, 686
2405, 704, 677, 686, 676
2406, 706, 677, 668, 678
2407, 698, 683, 674, 684
2408, 713, 606, 740, 605
2409, 704, 686, 677, 687
2410, 698, 683, 682, 673
2411, 721, 652, 661, 642
2412, 697, 673, 672, 663
2413, 699, 675, 674, 665
2414, 728, 628, 737, 739
2415, 734, 620, 733, 736
2416, 717, 570, 568, 588
2417, 698, 673, 674, 683
2418, 680, 679, 703, 670
2419, 719, 570, 588, 591
2420, 632, 744, 735, 622
2421, 711, 660, 670, 669
2422, 591, 590, 718, 742
2423, 699, 674, 664, 665
2424, 706, 670, 679, 669
2425, 709, 688, 687, 678
2426, 730, 656, 707, 655
2427, 697, 698, 703, 672
2428, 709, 688, 679, 689
2429, 730, 657, 707, 656
2430, 722, 602, 734, 611
2431, 708, 730, 657, 707
2432, 742, 687, 573, 574
2433, 706, 709, 677, 678
2434, 742, 573, 687, 688
2435, 662, 705, 701, 653
2436, 710, 715, 716, 721
2437, 586, 693, 599, 587
2438, 697, 673, 698, 672
2439, 698, 682, 672, 673
2440, 705, 671, 652, 662
2441, 706, 702, 667, 677
2442, 660, 650, 659, 710
2443, 717, 682, 578, 568
2444, 744, 632, 641, 622
2445, 745, 639, 744, 729
2446, 728, 736, 619, 618
2447, 699, 665, 702, 675
2448, 706, 708, 669, 668
2449, 708, 667, 657, 658
2450, 740, 696, 607, 713
2451, 699, 664, 674, 673
2452, 727, 744, 632, 642
2453, 707, 657, 666, 656
2454, 710, 711, 669, 660
2455, 701, 663, 653, 654
2456, 705, 662, 652, 653
2457, 703, 681, 690, 680
2458, 721, 653, 652, 643
2459, 706, 678, 668, 669
2460, 730, 648, 658, 657
2461, 730, 724, 645, 655
2462, 717, 691, 681, 672
2463, 729, 636, 731, 739
2464, 730, 647, 657, 656
2465, 745, 733, 622, 631
2466, 634, 726, 731, 727
2467, 727, 724, 643, 644
2468, 610, 611, 736, 620
2469, 731, 727, 729, 735
2470, 729, 637, 647, 646
2471, 721, 705, 661, 652
2472, 726, 635, 636, 645
2473, 697, 662, 672, 681
2474, 726, 727, 729, 731
2475, 743, 589, 576, 575
2476, 699, 673, 663, 664
2477, 721, 705, 652, 653
2478, 721, 744, 715, 727
2479, 744, 745, 630, 639
2480, 745, 737, 729, 739
2481, 703, 680, 671, 681
2482, 640, 744, 639, 649
2483, 730, 655, 645, 646
2484, 729, 647, 638, 648
2485, 729, 637, 739, 638
2486, 696, 740, 725, 736
2487, 739, 636, 627, 637
2488, 740, 615, 606, 616
2489, 744, 721, 715, 651
2490, 739, 627, 628, 637
2491, 726, 636, 646, 645
2492, 727, 634, 644, 643
2493, 744, 631, 640, 630
2494, 726, 724, 644, 645
2495, 735, 633, 632, 623
2496, 708, 657, 730, 658
2497, 744, 631, 641, 640
2498, 724, 655, 654, 645
2499, 726, 635, 645, 644
2500, 696, 734, 736, 611
2501, 744, 622, 641, 631
2502, 739, 628, 638, 637
2503, 729, 637, 638, 647
2504, 650, 744, 649, 715
2505, 734, 621, 733, 620
2506, 701, 654, 664, 663
2507, 735, 624, 633, 623
2508, 728, 628, 619, 629
2509, 732, 614, 624, 623
2510, 732, 624, 614, 615
2511, 734, 622, 631, 612
2512, 732, 613, 623, 622
2513, 734, 733, 621, 631
2514, 731, 739, 636, 626
2515, 738, 626, 625, 616
2516, 724, 645, 654, 644
2517, 745, 735, 733, 731
2518, 745, 639, 629, 630
2519, 640, 650, 744, 649
2520, 696, 736, 608, 609
2521, 733, 630, 620, 621
2522, 728, 739, 626, 627
2523, 728, 725, 736, 618
2524, 696, 720, 611, 610
2525, 728, 628, 618, 619
2526, 740, 734, 604, 732
2527, 722, 611, 720, 601
2528, 745, 733, 630, 629
2529, 732, 738, 625, 615
2530, 734, 733, 738, 736
2531, 741, 713, 595, 714
2532, 725, 608, 618, 617
2533, 616, 617, 738, 626
2534, 614, 732, 740, 604
2535, 738, 615, 616, 625
2536, 734, 603, 613, 612
2537, 604, 740, 605, 741
2538, 732, 604, 614, 613
2539, 734, 612, 621, 602
2540, 725, 740, 696, 607
2541, 738, 734, 736, 740
2542, 699, 675, 704, 674
2543, 734, 602, 621, 611
2544, 727, 643, 642, 633
2545, 696, 607, 713, 597
2546, 740, 617, 616, 607
2547, 722, 601, 720, 723
2548, 696, 598, 608, 607
2549, 594, 593, 741, 695
2550, 732, 622, 735, 733
2551, 702, 704, 675, 676
2552, 713, 606, 597, 607
2553, 734, 631, 621, 612
2554, 615, 732, 740, 614
2555, 594, 741, 595, 695
2556, 725, 728, 736, 738
2557, 734, 733, 631, 622
2558, 696, 610, 609, 600
2559, 587, 599, 600, 720
2560, 728, 617, 725, 618
2561, 720, 587, 569, 600
2562, 696, 599, 608, 598
2563, 722, 714, 696, 741
2564, 736, 618, 608, 609
2565, 713, 740, 606, 607
2566, 732, 734, 738, 740
2567, 695, 581, 582, 594
2568, 696, 609, 599, 600
2569, 599, 598, 712, 586
2570, 712, 585, 598, 597
2571, 720, 611, 610, 601
2572, 741, 593, 594, 603
2573, 722, 603, 734, 602
2574, 713, 606, 605, 596
2575, 712, 597, 596, 584
2576, 712, 584, 585, 597
2577, 731, 625, 634, 624
2578, 720, 692, 587, 693
2579, 713, 596, 597, 606
2580, 694, 583, 596, 595
2581, 701, 721, 724, 653
2582, 696, 725, 607, 608
2583, 713, 596, 605, 595
2584, 586, 598, 712, 585
2585, 722, 603, 602, 593
2586, 722, 602, 611, 592
2587, 741, 604, 594, 595
2588, 720, 693, 714, 692
2589, 695, 594, 593, 581
2590, 741, 604, 603, 594
2591, 595, 694, 695, 714
2592, 723, 601, 569, 579
2593, 741, 604, 595, 605
2594, 720, 569, 723, 601
2595, 708, 668, 667, 658
2596, 723, 580, 592, 579
2597, 722, 601, 592, 611
2598, 694, 595, 582, 583
2599, 731, 635, 634, 625
2600, 696, 597, 598, 607
2601, 736, 620, 619, 610
2602, 723, 579, 592, 601
2603, 695, 580, 581, 593
2604, 706, 677, 667, 668
2605, 598, 599, 712, 696
2606, 734, 621, 620, 611
2607, 736, 610, 619, 609
2608, 728, 733, 629, 619
2609, 721, 642, 643, 652
2610, 703, 679, 680, 689
2611, 726, 644, 634, 635
2612, 702, 667, 676, 666
2613, 701, 664, 654, 655
2614, 730, 656, 646, 647
2615, 704, 685, 675, 676
2616, 574, 575, 590, 686
2617, 697, 662, 681, 671
2618, 742, 591, 719, 718
2619, 701, 665, 664, 655
2620, 688, 689, 591, 572
2621, 729, 639, 649, 648
2622, 703, 709, 706, 679
2623, 743, 589, 575, 590
2624, 706, 679, 678, 669
2625, 717, 690, 691, 570
2626, 706, 709, 678, 679
2627, 726, 727, 634, 644
2628, 589, 684, 576, 577
2629, 742, 591, 590, 573
2630, 704, 676, 686, 685
2631, 697, 672, 662, 663
2632, 698, 717, 718, 719
2633, 726, 646, 730, 645
2634, 722, 723, 593, 592
