1, 5000.0, 0.3
2, 5000.0, 0.3
3, 5000.0, 0.3
4, 5000.0, 0.3
5, 5000.0, 0.3
6, 5000.0, 0.3
7, 5000.0, 0.3
8, 5000.0, 0.3
9, 5000.0, 0.3
10, 5000.0, 0.3
11, 5000.0, 0.3
12, 5000.0, 0.3
13, 5000.0, 0.3
14, 5000.0, 0.3
15, 5000.0, 0.3
16, 5000.0, 0.3
17, 5000.0, 0.3
18, 5000.0, 0.3
19, 5000.0, 0.3
20, 5000.0, 0.3
21, 5000.0, 0.3
22, 5000.0, 0.3
23, 5000.0, 0.3
24, 5000.0, 0.3
25, 5000.0, 0.3
26, 5000.0, 0.3
27, 5000.0, 0.3
28, 5000.0, 0.3
29, 5000.0, 0.3
30, 5000.0, 0.3
31, 5000.0, 0.3
32, 5000.0, 0.3
33, 5000.0, 0.3
34, 5000.0, 0.3
35, 5000.0, 0.3
36, 5000.0, 0.3
37, 5000.0, 0.3
38, 5000.0, 0.3
39, 5000.0, 0.3
40, 5000.0, 0.3
41, 5000.0, 0.3
42, 5000.0, 0.3
43, 5000.0, 0.3
44, 5000.0, 0.3
45, 5000.0, 0.3
46, 5000.0, 0.3
47, 5000.0, 0.3
48, 5000.0, 0.3
49, 5000.0, 0.3
50, 5000.0, 0.3
51, 5000.0, 0.3
52, 5000.0, 0.3
53, 5000.0, 0.3
54, 5000.0, 0.3
55, 5000.0, 0.3
56, 5000.0, 0.3
57, 5000.0, 0.3
58, 5000.0, 0.3
59, 5000.0, 0.3
60, 5000.0, 0.3
61, 5000.0, 0.3
62, 5000.0, 0.3
63, 5000.0, 0.3
64, 5000.0, 0.3
65, 5000.0, 0.3
66, 5000.0, 0.3
67, 5000.0, 0.3
68, 5000.0, 0.3
69, 5000.0, 0.3
70, 5000.0, 0.3
71, 5000.0, 0.3
72, 5000.0, 0.3
73, 5000.0, 0.3
74, 5000.0, 0.3
75, 5000.0, 0.3
76, 5000.0, 0.3
77, 5000.0, 0.3
78, 5000.0, 0.3
79, 5000.0, 0.3
80, 5000.0, 0.3
81, 5000.0, 0.3
82, 5000.0, 0.3
83, 5000.0, 0.3
84, 5000.0, 0.3
85, 5000.0, 0.3
86, 5000.0, 0.3
87, 5000.0, 0.3
88, 5000.0, 0.3
89, 5000.0, 0.3
90, 5000.0, 0.3
91, 5000.0, 0.3
92, 5000.0, 0.3
93, 5000.0, 0.3
94, 5000.0, 0.3
95, 5000.0, 0.3
96, 5000.0, 0.3
97, 5000.0, 0.3
98, 5000.0, 0.3
99, 5000.0, 0.3
100, 5000.0, 0.3
101, 5000.0, 0.3
102, 5000.0, 0.3
103, 5000.0, 0.3
104, 5000.0, 0.3
105, 5000.0, 0.3
106, 5000.0, 0.3
107, 5000.0, 0.3
108, 5000.0, 0.3
109, 5000.0, 0.3
110, 5000.0, 0.3
111, 5000.0, 0.3
112, 5000.0, 0.3
113, 5000.0, 0.3
114, 5000.0, 0.3
115, 5000.0, 0.3
116, 5000.0, 0.3
117, 5000.0, 0.3
118, 5000.0, 0.3
119, 5000.0, 0.3
120, 5000.0, 0.3
121, 5000.0, 0.3
122, 5000.0, 0.3
123, 5000.0, 0.3
124, 5000.0, 0.3
125, 5000.0, 0.3
126, 5000.0, 0.3
127, 5000.0, 0.3
128, 5000.0, 0.3
129, 5000.0, 0.3
130, 5000.0, 0.3
131, 5000.0, 0.3
132, 5000.0, 0.3
133, 5000.0, 0.3
134, 5000.0, 0.3
135, 5000.0, 0.3
136, 5000.0, 0.3
137, 5000.0, 0.3
138, 5000.0, 0.3
139, 5000.0, 0.3
140, 5000.0, 0.3
141, 5000.0, 0.3
142, 5000.0, 0.3
143, 5000.0, 0.3
144, 5000.0, 0.3
145, 5000.0, 0.3
146, 5000.0, 0.3
147, 5000.0, 0.3
148, 5000.0, 0.3
149, 5000.0, 0.3
150, 5000.0, 0.3
151, 5000.0, 0.3
152, 5000.0, 0.3
153, 5000.0, 0.3
154, 5000.0, 0.3
155, 5000.0, 0.3
156, 5000.0, 0.3
157, 5000.0, 0.3
158, 5000.0, 0.3
159, 5000.0, 0.3
160, 5000.0, 0.3
161, 5000.0, 0.3
162, 5000.0, 0.3
163, 5000.0, 0.3
164, 5000.0, 0.3
165, 5000.0, 0.3
166, 5000.0, 0.3
167, 5000.0, 0.3
168, 5000.0, 0.3
169, 5000.0, 0.3
170, 5000.0, 0.3
171, 5000.0, 0.3
172, 5000.0, 0.3
173, 5000.0, 0.3
174, 5000.0, 0.3
175, 5000.0, 0.3
176, 5000.0, 0.3
177, 5000.0, 0.3
178, 5000.0, 0.3
179, 5000.0, 0.3
180, 5000.0, 0.3
181, 5000.0, 0.3
182, 5000.0, 0.3
183, 5000.0, 0.3
184, 5000.0, 0.3
185, 5000.0, 0.3
186, 5000.0, 0.3
187, 5000.0, 0.3
188, 5000.0, 0.3
189, 5000.0, 0.3
190, 5000.0, 0.3
191, 5000.0, 0.3
192, 5000.0, 0.3
193, 5000.0, 0.3
194, 5000.0, 0.3
195, 5000.0, 0.3
196, 5000.0, 0.3
197, 5000.0, 0.3
198, 5000.0, 0.3
199, 5000.0, 0.3
200, 5000.0, 0.3
201, 5000.0, 0.3
202, 5000.0, 0.3
203, 5000.0, 0.3
204, 5000.0, 0.3
205, 5000.0, 0.3
206, 5000.0, 0.3
207, 5000.0, 0.3
208, 5000.0, 0.3
209, 5000.0, 0.3
210, 5000.0, 0.3
211, 5000.0, 0.3
212, 5000.0, 0.3
213, 5000.0, 0.3
214, 5000.0, 0.3
215, 5000.0, 0.3
216, 5000.0, 0.3
217, 5000.0, 0.3
218, 5000.0, 0.3
219, 5000.0, 0.3
220, 5000.0, 0.3
221, 5000.0, 0.3
222, 5000.0, 0.3
223, 5000.0, 0.3
224, 5000.0, 0.3
225, 5000.0, 0.3
226, 5000.0, 0.3
227, 5000.0, 0.3
228, 5000.0, 0.3
229, 5000.0, 0.3
230, 5000.0, 0.3
231, 5000.0, 0.3
232, 5000.0, 0.3
233, 5000.0, 0.3
234, 5000.0, 0.3
235, 5000.0, 0.3
236, 5000.0, 0.3
237, 5000.0, 0.3
238, 5000.0, 0.3
239, 5000.0, 0.3
240, 5000.0, 0.3
241, 5000.0, 0.3
242, 5000.0, 0.3
243, 5000.0, 0.3
244, 5000.0, 0.3
245, 5000.0, 0.3
246, 5000.0, 0.3
247, 5000.0, 0.3
248, 5000.0, 0.3
249, 5000.0, 0.3
250, 5000.0, 0.3
251, 5000.0, 0.3
252, 5000.0, 0.3
253, 5000.0, 0.3
254, 5000.0, 0.3
255, 5000.0, 0.3
256, 5000.0, 0.3
257, 5000.0, 0.3
258, 5000.0, 0.3
259, 5000.0, 0.3
260, 5000.0, 0.3
261, 5000.0, 0.3
262, 5000.0, 0.3
263, 5000.0, 0.3
264, 5000.0, 0.3
265, 5000.0, 0.3
266, 5000.0, 0.3
267, 5000.0, 0.3
268, 5000.0, 0.3
269, 5000.0, 0.3
270, 5000.0, 0.3
271, 5000.0, 0.3
272, 5000.0, 0.3
273, 5000.0, 0.3
274, 5000.0, 0.3
275, 5000.0, 0.3
276, 5000.0, 0.3
277, 5000.0, 0.3
278, 5000.0, 0.3
279, 5000.0, 0.3
280, 5000.0, 0.3
281, 5000.0, 0.3
282, 5000.0, 0.3
283, 5000.0, 0.3
284, 5000.0, 0.3
285, 5000.0, 0.3
286, 5000.0, 0.3
287, 5000.0, 0.3
288, 5000.0, 0.3
289, 5000.0, 0.3
290, 5000.0, 0.3
291, 5000.0, 0.3
292, 5000.0, 0.3
293, 5000.0, 0.3
294, 5000.0, 0.3
295, 5000.0, 0.3
296, 5000.0, 0.3
297, 5000.0, 0.3
298, 5000.0, 0.3
299, 5000.0, 0.3
300, 5000.0, 0.3
301, 5000.0, 0.3
302, 5000.0, 0.3
303, 5000.0, 0.3
304, 5000.0, 0.3
305, 5000.0, 0.3
306, 5000.0, 0.3
307, 5000.0, 0.3
308, 5000.0, 0.3
309, 5000.0, 0.3
310, 5000.0, 0.3
311, 5000.0, 0.3
312, 5000.0, 0.3
313, 5000.0, 0.3
314, 5000.0, 0.3
315, 5000.0, 0.3
316, 5000.0, 0.3
317, 5000.0, 0.3
318, 5000.0, 0.3
319, 5000.0, 0.3
320, 5000.0, 0.3
321, 5000.0, 0.3
322, 5000.0, 0.3
323, 5000.0, 0.3
324, 5000.0, 0.3
325, 5000.0, 0.3
326, 5000.0, 0.3
327, 5000.0, 0.3
328, 5000.0, 0.3
329, 5000.0, 0.3
330, 5000.0, 0.3
331, 5000.0, 0.3
332, 5000.0, 0.3
333, 5000.0, 0.3
334, 5000.0, 0.3
335, 5000.0, 0.3
336, 5000.0, 0.3
337, 5000.0, 0.3
338, 5000.0, 0.3
339, 5000.0, 0.3
340, 5000.0, 0.3
341, 5000.0, 0.3
342, 5000.0, 0.3
343, 5000.0, 0.3
344, 5000.0, 0.3
345, 5000.0, 0.3
346, 5000.0, 0.3
347, 5000.0, 0.3
348, 5000.0, 0.3
349, 5000.0, 0.3
350, 5000.0, 0.3
351, 5000.0, 0.3
352, 5000.0, 0.3
353, 5000.0, 0.3
354, 5000.0, 0.3
355, 5000.0, 0.3
356, 5000.0, 0.3
357, 5000.0, 0.3
358, 5000.0, 0.3
359, 5000.0, 0.3
360, 5000.0, 0.3
361, 5000.0, 0.3
362, 5000.0, 0.3
363, 5000.0, 0.3
364, 5000.0, 0.3
365, 5000.0, 0.3
366, 5000.0, 0.3
367, 5000.0, 0.3
368, 5000.0, 0.3
369, 5000.0, 0.3
370, 5000.0, 0.3
371, 5000.0, 0.3
372, 5000.0, 0.3
373, 5000.0, 0.3
374, 5000.0, 0.3
375, 5000.0, 0.3
376, 5000.0, 0.3
377, 5000.0, 0.3
378, 5000.0, 0.3
379, 5000.0, 0.3
380, 5000.0, 0.3
381, 5000.0, 0.3
382, 5000.0, 0.3
383, 5000.0, 0.3
384, 5000.0, 0.3
385, 5000.0, 0.3
386, 5000.0, 0.3
387, 5000.0, 0.3
388, 5000.0, 0.3
389, 5000.0, 0.3
390, 5000.0, 0.3
391, 5000.0, 0.3
392, 5000.0, 0.3
393, 5000.0, 0.3
394, 5000.0, 0.3
395, 5000.0, 0.3
396, 5000.0, 0.3
397, 5000.0, 0.3
398, 5000.0, 0.3
399, 5000.0, 0.3
400, 5000.0, 0.3
401, 5000.0, 0.3
402, 5000.0, 0.3
403, 5000.0, 0.3
404, 5000.0, 0.3
405, 5000.0, 0.3
406, 5000.0, 0.3
407, 5000.0, 0.3
408, 5000.0, 0.3
409, 5000.0, 0.3
410, 5000.0, 0.3
411, 5000.0, 0.3
412, 5000.0, 0.3
413, 5000.0, 0.3
414, 5000.0, 0.3
415, 5000.0, 0.3
416, 5000.0, 0.3
417, 5000.0, 0.3
418, 5000.0, 0.3
419, 5000.0, 0.3
420, 5000.0, 0.3
421, 5000.0, 0.3
422, 5000.0, 0.3
423, 5000.0, 0.3
424, 5000.0, 0.3
425, 5000.0, 0.3
426, 5000.0, 0.3
427, 5000.0, 0.3
428, 5000.0, 0.3
429, 5000.0, 0.3
430, 5000.0, 0.3
431, 5000.0, 0.3
432, 5000.0, 0.3
433, 5000.0, 0.3
434, 5000.0, 0.3
435, 5000.0, 0.3
436, 5000.0, 0.3
437, 5000.0, 0.3
438, 5000.0, 0.3
439, 5000.0, 0.3
440, 5000.0, 0.3
441, 5000.0, 0.3
442, 5000.0, 0.3
443, 5000.0, 0.3
444, 5000.0, 0.3
445, 5000.0, 0.3
446, 5000.0, 0.3
447, 5000.0, 0.3
448, 5000.0, 0.3
449, 5000.0, 0.3
450, 5000.0, 0.3
451, 5000.0, 0.3
452, 5000.0, 0.3
453, 5000.0, 0.3
454, 5000.0, 0.3
455, 5000.0, 0.3
456, 5000.0, 0.3
457, 5000.0, 0.3
458, 5000.0, 0.3
459, 5000.0, 0.3
460, 5000.0, 0.3
461, 5000.0, 0.3
462, 5000.0, 0.3
463, 5000.0, 0.3
464, 5000.0, 0.3
465, 5000.0, 0.3
466, 5000.0, 0.3
467, 5000.0, 0.3
468, 5000.0, 0.3
469, 5000.0, 0.3
470, 5000.0, 0.3
471, 5000.0, 0.3
472, 5000.0, 0.3
473, 5000.0, 0.3
474, 5000.0, 0.3
475, 5000.0, 0.3
476, 5000.0, 0.3
477, 5000.0, 0.3
478, 5000.0, 0.3
479, 5000.0, 0.3
480, 5000.0, 0.3
481, 5000.0, 0.3
482, 5000.0, 0.3
483, 5000.0, 0.3
484, 5000.0, 0.3
485, 5000.0, 0.3
486, 5000.0, 0.3
487, 5000.0, 0.3
488, 5000.0, 0.3
489, 5000.0, 0.3
490, 5000.0, 0.3
491, 5000.0, 0.3
492, 5000.0, 0.3
493, 5000.0, 0.3
494, 5000.0, 0.3
495, 5000.0, 0.3
496, 5000.0, 0.3
497, 5000.0, 0.3
498, 5000.0, 0.3
499, 5000.0, 0.3
500, 5000.0, 0.3
501, 5000.0, 0.3
502, 5000.0, 0.3
503, 5000.0, 0.3
504, 5000.0, 0.3
505, 5000.0, 0.3
506, 5000.0, 0.3
507, 5000.0, 0.3
508, 5000.0, 0.3
509, 5000.0, 0.3
510, 5000.0, 0.3
511, 5000.0, 0.3
512, 5000.0, 0.3
513, 5000.0, 0.3
514, 5000.0, 0.3
515, 5000.0, 0.3
516, 5000.0, 0.3
517, 5000.0, 0.3
518, 5000.0, 0.3
519, 5000.0, 0.3
520, 5000.0, 0.3
521, 5000.0, 0.3
522, 5000.0, 0.3
523, 5000.0, 0.3
524, 5000.0, 0.3
525, 5000.0, 0.3
526, 5000.0, 0.3
527, 5000.0, 0.3
528, 5000.0, 0.3
529, 5000.0, 0.3
530, 5000.0, 0.3
531, 5000.0, 0.3
532, 5000.0, 0.3
533, 5000.0, 0.3
534, 5000.0, 0.3
535, 5000.0, 0.3
536, 5000.0, 0.3
537, 5000.0, 0.3
538, 5000.0, 0.3
539, 5000.0, 0.3
540, 5000.0, 0.3
541, 5000.0, 0.3
542, 5000.0, 0.3
543, 5000.0, 0.3
544, 5000.0, 0.3
545, 5000.0, 0.3
546, 5000.0, 0.3
547, 5000.0, 0.3
548, 5000.0, 0.3
549, 5000.0, 0.3
550, 5000.0, 0.3
551, 5000.0, 0.3
552, 5000.0, 0.3
553, 5000.0, 0.3
554, 5000.0, 0.3
555, 5000.0, 0.3
556, 5000.0, 0.3
557, 5000.0, 0.3
558, 5000.0, 0.3
559, 5000.0, 0.3
560, 5000.0, 0.3
561, 5000.0, 0.3
562, 5000.0, 0.3
563, 5000.0, 0.3
564, 5000.0, 0.3
565, 5000.0, 0.3
566, 5000.0, 0.3
567, 5000.0, 0.3
568, 5000.0, 0.3
569, 5000.0, 0.3
570, 5000.0, 0.3
571, 5000.0, 0.3
572, 5000.0, 0.3
573, 5000.0, 0.3
574, 5000.0, 0.3
575, 5000.0, 0.3
576, 5000.0, 0.3
577, 5000.0, 0.3
578, 5000.0, 0.3
579, 5000.0, 0.3
580, 5000.0, 0.3
581, 5000.0, 0.3
582, 5000.0, 0.3
583, 5000.0, 0.3
584, 5000.0, 0.3
585, 5000.0, 0.3
586, 5000.0, 0.3
587, 5000.0, 0.3
588, 5000.0, 0.3
589, 5000.0, 0.3
590, 5000.0, 0.3
591, 5000.0, 0.3
592, 5000.0, 0.3
593, 5000.0, 0.3
594, 5000.0, 0.3
595, 5000.0, 0.3
596, 5000.0, 0.3
597, 5000.0, 0.3
598, 5000.0, 0.3
599, 5000.0, 0.3
600, 5000.0, 0.3
601, 5000.0, 0.3
602, 5000.0, 0.3
603, 5000.0, 0.3
604, 5000.0, 0.3
605, 5000.0, 0.3
606, 5000.0, 0.3
607, 5000.0, 0.3
608, 5000.0, 0.3
609, 5000.0, 0.3
610, 5000.0, 0.3
611, 5000.0, 0.3
612, 5000.0, 0.3
613, 5000.0, 0.3
614, 5000.0, 0.3
615, 5000.0, 0.3
616, 5000.0, 0.3
617, 5000.0, 0.3
618, 5000.0, 0.3
619, 5000.0, 0.3
620, 5000.0, 0.3
621, 5000.0, 0.3
622, 5000.0, 0.3
623, 5000.0, 0.3
624, 5000.0, 0.3
625, 5000.0, 0.3
626, 5000.0, 0.3
627, 5000.0, 0.3
628, 5000.0, 0.3
629, 5000.0, 0.3
630, 5000.0, 0.3
631, 5000.0, 0.3
632, 5000.0, 0.3
633, 5000.0, 0.3
634, 5000.0, 0.3
635, 5000.0, 0.3
636, 5000.0, 0.3
637, 5000.0, 0.3
638, 5000.0, 0.3
639, 5000.0, 0.3
640, 5000.0, 0.3
641, 5000.0, 0.3
642, 5000.0, 0.3
643, 5000.0, 0.3
644, 5000.0, 0.3
645, 5000.0, 0.3
646, 5000.0, 0.3
647, 5000.0, 0.3
648, 5000.0, 0.3
649, 5000.0, 0.3
650, 5000.0, 0.3
651, 5000.0, 0.3
652, 5000.0, 0.3
653, 5000.0, 0.3
654, 5000.0, 0.3
655, 5000.0, 0.3
656, 5000.0, 0.3
657, 5000.0, 0.3
658, 5000.0, 0.3
659, 5000.0, 0.3
660, 5000.0, 0.3
661, 5000.0, 0.3
662, 5000.0, 0.3
663, 5000.0, 0.3
664, 5000.0, 0.3
665, 5000.0, 0.3
666, 5000.0, 0.3
667, 5000.0, 0.3
668, 5000.0, 0.3
669, 5000.0, 0.3
670, 5000.0, 0.3
671, 5000.0, 0.3
672, 5000.0, 0.3
673, 5000.0, 0.3
674, 5000.0, 0.3
675, 5000.0, 0.3
676, 5000.0, 0.3
677, 5000.0, 0.3
678, 5000.0, 0.3
679, 5000.0, 0.3
680, 5000.0, 0.3
681, 5000.0, 0.3
682, 5000.0, 0.3
683, 5000.0, 0.3
684, 5000.0, 0.3
685, 5000.0, 0.3
686, 5000.0, 0.3
687, 5000.0, 0.3
688, 5000.0, 0.3
689, 5000.0, 0.3
690, 5000.0, 0.3
691, 5000.0, 0.3
692, 5000.0, 0.3
693, 5000.0, 0.3
694, 5000.0, 0.3
695, 5000.0, 0.3
696, 5000.0, 0.3
697, 5000.0, 0.3
698, 5000.0, 0.3
699, 5000.0, 0.3
700, 5000.0, 0.3
701, 5000.0, 0.3
702, 5000.0, 0.3
703, 5000.0, 0.3
704, 5000.0, 0.3
705, 5000.0, 0.3
706, 5000.0, 0.3
707, 5000.0, 0.3
708, 5000.0, 0.3
709, 5000.0, 0.3
710, 5000.0, 0.3
711, 5000.0, 0.3
712, 5000.0, 0.3
713, 5000.0, 0.3
714, 5000.0, 0.3
715, 5000.0, 0.3
716, 5000.0, 0.3
717, 5000.0, 0.3
718, 5000.0, 0.3
719, 5000.0, 0.3
720, 5000.0, 0.3
721, 5000.0, 0.3
722, 5000.0, 0.3
723, 5000.0, 0.3
724, 5000.0, 0.3
725, 5000.0, 0.3
726, 5000.0, 0.3
727, 5000.0, 0.3
728, 5000.0, 0.3
729, 5000.0, 0.3
730, 5000.0, 0.3
731, 5000.0, 0.3
732, 5000.0, 0.3
733, 5000.0, 0.3
734, 5000.0, 0.3
735, 5000.0, 0.3
736, 5000.0, 0.3
737, 5000.0, 0.3
738, 5000.0, 0.3
739, 5000.0, 0.3
740, 5000.0, 0.3
741, 5000.0, 0.3
742, 5000.0, 0.3
743, 5000.0, 0.3
744, 5000.0, 0.3
745, 5000.0, 0.3
746, 5000.0, 0.3
747, 5000.0, 0.3
748, 5000.0, 0.3
749, 5000.0, 0.3
750, 5000.0, 0.3
751, 5000.0, 0.3
752, 5000.0, 0.3
753, 5000.0, 0.3
754, 5000.0, 0.3
755, 5000.0, 0.3
756, 5000.0, 0.3
757, 5000.0, 0.3
758, 5000.0, 0.3
759, 5000.0, 0.3
760, 5000.0, 0.3
761, 5000.0, 0.3
762, 5000.0, 0.3
763, 5000.0, 0.3
764, 5000.0, 0.3
765, 5000.0, 0.3
766, 5000.0, 0.3
767, 5000.0, 0.3
768, 5000.0, 0.3
769, 5000.0, 0.3
770, 5000.0, 0.3
771, 5000.0, 0.3
772, 5000.0, 0.3
773, 5000.0, 0.3
774, 5000.0, 0.3
775, 5000.0, 0.3
776, 5000.0, 0.3
777, 5000.0, 0.3
778, 5000.0, 0.3
779, 5000.0, 0.3
780, 5000.0, 0.3
781, 5000.0, 0.3
782, 5000.0, 0.3
783, 5000.0, 0.3
784, 5000.0, 0.3
785, 5000.0, 0.3
786, 5000.0, 0.3
787, 5000.0, 0.3
788, 5000.0, 0.3
789, 5000.0, 0.3
790, 5000.0, 0.3
791, 5000.0, 0.3
792, 5000.0, 0.3
793, 5000.0, 0.3
794, 5000.0, 0.3
795, 5000.0, 0.3
796, 5000.0, 0.3
797, 5000.0, 0.3
798, 5000.0, 0.3
799, 5000.0, 0.3
800, 5000.0, 0.3
801, 5000.0, 0.3
802, 5000.0, 0.3
803, 5000.0, 0.3
804, 5000.0, 0.3
805, 5000.0, 0.3
806, 5000.0, 0.3
807, 5000.0, 0.3
808, 5000.0, 0.3
809, 5000.0, 0.3
810, 5000.0, 0.3
811, 5000.0, 0.3
812, 5000.0, 0.3
813, 5000.0, 0.3
814, 5000.0, 0.3
815, 5000.0, 0.3
816, 5000.0, 0.3
817, 5000.0, 0.3
818, 5000.0, 0.3
819, 5000.0, 0.3
820, 5000.0, 0.3
821, 5000.0, 0.3
822, 5000.0, 0.3
823, 5000.0, 0.3
824, 5000.0, 0.3
825, 5000.0, 0.3
826, 5000.0, 0.3
827, 5000.0, 0.3
828, 5000.0, 0.3
829, 5000.0, 0.3
830, 5000.0, 0.3
831, 5000.0, 0.3
832, 5000.0, 0.3
833, 5000.0, 0.3
834, 5000.0, 0.3
835, 5000.0, 0.3
836, 5000.0, 0.3
837, 5000.0, 0.3
838, 5000.0, 0.3
839, 5000.0, 0.3
840, 5000.0, 0.3
841, 5000.0, 0.3
842, 5000.0, 0.3
843, 5000.0, 0.3
844, 5000.0, 0.3
845, 5000.0, 0.3
846, 5000.0, 0.3
847, 5000.0, 0.3
848, 5000.0, 0.3
849, 5000.0, 0.3
850, 5000.0, 0.3
851, 5000.0, 0.3
852, 5000.0, 0.3
853, 5000.0, 0.3
854, 5000.0, 0.3
855, 5000.0, 0.3
856, 5000.0, 0.3
857, 5000.0, 0.3
858, 5000.0, 0.3
859, 5000.0, 0.3
860, 5000.0, 0.3
861, 5000.0, 0.3
862, 5000.0, 0.3
863, 5000.0, 0.3
864, 5000.0, 0.3
865, 5000.0, 0.3
866, 5000.0, 0.3
867, 5000.0, 0.3
868, 5000.0, 0.3
869, 5000.0, 0.3
870, 5000.0, 0.3
871, 5000.0, 0.3
872, 5000.0, 0.3
873, 5000.0, 0.3
874, 5000.0, 0.3
875, 5000.0, 0.3
876, 5000.0, 0.3
877, 5000.0, 0.3
878, 5000.0, 0.3
879, 5000.0, 0.3
880, 5000.0, 0.3
881, 5000.0, 0.3
882, 5000.0, 0.3
883, 5000.0, 0.3
884, 5000.0, 0.3
885, 5000.0, 0.3
886, 5000.0, 0.3
887, 5000.0, 0.3
888, 5000.0, 0.3
889, 5000.0, 0.3
890, 5000.0, 0.3
891, 5000.0, 0.3
892, 5000.0, 0.3
893, 5000.0, 0.3
894, 5000.0, 0.3
895, 5000.0, 0.3
896, 5000.0, 0.3
897, 5000.0, 0.3
898, 5000.0, 0.3
899, 5000.0, 0.3
900, 5000.0, 0.3
901, 5000.0, 0.3
902, 5000.0, 0.3
903, 5000.0, 0.3
904, 5000.0, 0.3
905, 5000.0, 0.3
906, 5000.0, 0.3
907, 5000.0, 0.3
908, 5000.0, 0.3
909, 5000.0, 0.3
910, 5000.0, 0.3
911, 5000.0, 0.3
912, 5000.0, 0.3
913, 5000.0, 0.3
914, 5000.0, 0.3
915, 5000.0, 0.3
916, 5000.0, 0.3
917, 5000.0, 0.3
918, 5000.0, 0.3
919, 5000.0, 0.3
920, 5000.0, 0.3
921, 5000.0, 0.3
922, 5000.0, 0.3
923, 5000.0, 0.3
924, 5000.0, 0.3
925, 5000.0, 0.3
926, 5000.0, 0.3
927, 5000.0, 0.3
928, 5000.0, 0.3
929, 5000.0, 0.3
930, 5000.0, 0.3
931, 5000.0, 0.3
932, 5000.0, 0.3
933, 5000.0, 0.3
934, 5000.0, 0.3
935, 5000.0, 0.3
936, 5000.0, 0.3
937, 5000.0, 0.3
938, 5000.0, 0.3
939, 5000.0, 0.3
940, 5000.0, 0.3
941, 5000.0, 0.3
942, 5000.0, 0.3
943, 5000.0, 0.3
944, 5000.0, 0.3
945, 5000.0, 0.3
946, 5000.0, 0.3
947, 5000.0, 0.3
948, 5000.0, 0.3
949, 5000.0, 0.3
950, 5000.0, 0.3
951, 5000.0, 0.3
952, 5000.0, 0.3
953, 5000.0, 0.3
954, 5000.0, 0.3
955, 5000.0, 0.3
956, 5000.0, 0.3
957, 5000.0, 0.3
958, 5000.0, 0.3
959, 5000.0, 0.3
960, 5000.0, 0.3
961, 5000.0, 0.3
962, 5000.0, 0.3
963, 5000.0, 0.3
964, 5000.0, 0.3
965, 5000.0, 0.3
966, 5000.0, 0.3
967, 5000.0, 0.3
968, 5000.0, 0.3
969, 5000.0, 0.3
970, 5000.0, 0.3
971, 5000.0, 0.3
972, 5000.0, 0.3
973, 5000.0, 0.3
974, 5000.0, 0.3
975, 5000.0, 0.3
976, 5000.0, 0.3
977, 5000.0, 0.3
978, 5000.0, 0.3
979, 5000.0, 0.3
980, 5000.0, 0.3
981, 5000.0, 0.3
982, 5000.0, 0.3
983, 5000.0, 0.3
984, 5000.0, 0.3
985, 5000.0, 0.3
986, 5000.0, 0.3
987, 5000.0, 0.3
988, 5000.0, 0.3
989, 5000.0, 0.3
990, 5000.0, 0.3
991, 5000.0, 0.3
992, 5000.0, 0.3
993, 5000.0, 0.3
994, 5000.0, 0.3
995, 5000.0, 0.3
996, 5000.0, 0.3
997, 5000.0, 0.3
998, 5000.0, 0.3
999, 5000.0, 0.3
1000, 5000.0, 0.3
1001, 5000.0, 0.3
1002, 5000.0, 0.3
1003, 5000.0, 0.3
1004, 5000.0, 0.3
1005, 5000.0, 0.3
1006, 5000.0, 0.3
1007, 5000.0, 0.3
1008, 5000.0, 0.3
1009, 5000.0, 0.3
1010, 5000.0, 0.3
1011, 5000.0, 0.3
1012, 5000.0, 0.3
1013, 5000.0, 0.3
1014, 5000.0, 0.3
1015, 5000.0, 0.3
1016, 5000.0, 0.3
1017, 5000.0, 0.3
1018, 5000.0, 0.3
1019, 5000.0, 0.3
1020, 5000.0, 0.3
1021, 5000.0, 0.3
1022, 5000.0, 0.3
1023, 5000.0, 0.3
1024, 5000.0, 0.3
1025, 5000.0, 0.3
1026, 5000.0, 0.3
1027, 5000.0, 0.3
1028, 5000.0, 0.3
1029, 5000.0, 0.3
1030, 5000.0, 0.3
1031, 5000.0, 0.3
1032, 5000.0, 0.3
1033, 5000.0, 0.3
1034, 5000.0, 0.3
1035, 5000.0, 0.3
1036, 5000.0, 0.3
1037, 5000.0, 0.3
1038, 5000.0, 0.3
1039, 5000.0, 0.3
1040, 5000.0, 0.3
1041, 5000.0, 0.3
1042, 5000.0, 0.3
1043, 5000.0, 0.3
1044, 5000.0, 0.3
1045, 5000.0, 0.3
1046, 5000.0, 0.3
1047, 5000.0, 0.3
1048, 5000.0, 0.3
1049, 5000.0, 0.3
1050, 5000.0, 0.3
1051, 5000.0, 0.3
1052, 5000.0, 0.3
1053, 5000.0, 0.3
1054, 5000.0, 0.3
1055, 5000.0, 0.3
1056, 5000.0, 0.3
1057, 5000.0, 0.3
1058, 5000.0, 0.3
1059, 5000.0, 0.3
1060, 5000.0, 0.3
1061, 5000.0, 0.3
1062, 5000.0, 0.3
1063, 5000.0, 0.3
1064, 5000.0, 0.3
1065, 5000.0, 0.3
1066, 5000.0, 0.3
1067, 5000.0, 0.3
1068, 5000.0, 0.3
1069, 5000.0, 0.3
1070, 5000.0, 0.3
1071, 5000.0, 0.3
1072, 5000.0, 0.3
1073, 5000.0, 0.3
1074, 5000.0, 0.3
1075, 5000.0, 0.3
1076, 5000.0, 0.3
1077, 5000.0, 0.3
1078, 5000.0, 0.3
1079, 5000.0, 0.3
1080, 5000.0, 0.3
1081, 5000.0, 0.3
1082, 5000.0, 0.3
1083, 5000.0, 0.3
1084, 5000.0, 0.3
1085, 5000.0, 0.3
1086, 5000.0, 0.3
1087, 5000.0, 0.3
1088, 5000.0, 0.3
1089, 5000.0, 0.3
1090, 5000.0, 0.3
1091, 5000.0, 0.3
1092, 5000.0, 0.3
1093, 5000.0, 0.3
1094, 5000.0, 0.3
1095, 5000.0, 0.3
1096, 5000.0, 0.3
1097, 5000.0, 0.3
1098, 5000.0, 0.3
1099, 5000.0, 0.3
1100, 5000.0, 0.3
1101, 5000.0, 0.3
1102, 5000.0, 0.3
1103, 5000.0, 0.3
1104, 5000.0, 0.3
1105, 5000.0, 0.3
1106, 5000.0, 0.3
1107, 5000.0, 0.3
1108, 5000.0, 0.3
1109, 5000.0, 0.3
1110, 5000.0, 0.3
1111, 5000.0, 0.3
1112, 5000.0, 0.3
1113, 5000.0, 0.3
1114, 5000.0, 0.3
1115, 5000.0, 0.3
1116, 5000.0, 0.3
1117, 5000.0, 0.3
1118, 5000.0, 0.3
1119, 5000.0, 0.3
1120, 5000.0, 0.3
1121, 5000.0, 0.3
1122, 5000.0, 0.3
1123, 5000.0, 0.3
1124, 5000.0, 0.3
1125, 5000.0, 0.3
1126, 5000.0, 0.3
1127, 5000.0, 0.3
1128, 5000.0, 0.3
1129, 5000.0, 0.3
1130, 5000.0, 0.3
1131, 5000.0, 0.3
1132, 5000.0, 0.3
1133, 5000.0, 0.3
1134, 5000.0, 0.3
1135, 5000.0, 0.3
1136, 5000.0, 0.3
1137, 5000.0, 0.3
1138, 5000.0, 0.3
1139, 5000.0, 0.3
1140, 5000.0, 0.3
1141, 5000.0, 0.3
1142, 5000.0, 0.3
1143, 5000.0, 0.3
1144, 5000.0, 0.3
1145, 5000.0, 0.3
1146, 5000.0, 0.3
1147, 5000.0, 0.3
1148, 5000.0, 0.3
1149, 5000.0, 0.3
1150, 5000.0, 0.3
1151, 5000.0, 0.3
1152, 5000.0, 0.3
1153, 5000.0, 0.3
1154, 5000.0, 0.3
1155, 5000.0, 0.3
1156, 5000.0, 0.3
1157, 5000.0, 0.3
1158, 5000.0, 0.3
1159, 5000.0, 0.3
1160, 5000.0, 0.3
1161, 5000.0, 0.3
1162, 5000.0, 0.3
1163, 5000.0, 0.3
1164, 5000.0, 0.3
1165, 5000.0, 0.3
1166, 5000.0, 0.3
1167, 5000.0, 0.3
1168, 5000.0, 0.3
1169, 5000.0, 0.3
1170, 5000.0, 0.3
1171, 5000.0, 0.3
1172, 5000.0, 0.3
1173, 5000.0, 0.3
1174, 5000.0, 0.3
1175, 5000.0, 0.3
1176, 5000.0, 0.3
1177, 5000.0, 0.3
1178, 5000.0, 0.3
1179, 5000.0, 0.3
1180, 5000.0, 0.3
1181, 5000.0, 0.3
1182, 5000.0, 0.3
1183, 5000.0, 0.3
1184, 5000.0, 0.3
1185, 5000.0, 0.3
1186, 5000.0, 0.3
1187, 5000.0, 0.3
1188, 5000.0, 0.3
1189, 5000.0, 0.3
1190, 5000.0, 0.3
1191, 5000.0, 0.3
1192, 5000.0, 0.3
1193, 5000.0, 0.3
1194, 5000.0, 0.3
1195, 5000.0, 0.3
1196, 5000.0, 0.3
1197, 5000.0, 0.3
1198, 5000.0, 0.3
1199, 5000.0, 0.3
1200, 5000.0, 0.3
1201, 5000.0, 0.3
1202, 5000.0, 0.3
1203, 5000.0, 0.3
1204, 5000.0, 0.3
1205, 5000.0, 0.3
1206, 5000.0, 0.3
1207, 5000.0, 0.3
1208, 5000.0, 0.3
1209, 5000.0, 0.3
1210, 5000.0, 0.3
1211, 5000.0, 0.3
1212, 5000.0, 0.3
1213, 5000.0, 0.3
1214, 5000.0, 0.3
1215, 5000.0, 0.3
1216, 5000.0, 0.3
1217, 5000.0, 0.3
1218, 5000.0, 0.3
1219, 5000.0, 0.3
1220, 5000.0, 0.3
1221, 5000.0, 0.3
1222, 5000.0, 0.3
1223, 5000.0, 0.3
1224, 5000.0, 0.3
1225, 5000.0, 0.3
1226, 5000.0, 0.3
1227, 5000.0, 0.3
1228, 5000.0, 0.3
1229, 5000.0, 0.3
1230, 5000.0, 0.3
1231, 5000.0, 0.3
1232, 5000.0, 0.3
1233, 5000.0, 0.3
1234, 5000.0, 0.3
1235, 5000.0, 0.3
1236, 5000.0, 0.3
1237, 5000.0, 0.3
1238, 5000.0, 0.3
1239, 5000.0, 0.3
1240, 5000.0, 0.3
1241, 5000.0, 0.3
1242, 5000.0, 0.3
1243, 5000.0, 0.3
1244, 5000.0, 0.3
1245, 5000.0, 0.3
1246, 5000.0, 0.3
1247, 5000.0, 0.3
1248, 5000.0, 0.3
1249, 5000.0, 0.3
1250, 5000.0, 0.3
1251, 5000.0, 0.3
1252, 5000.0, 0.3
1253, 5000.0, 0.3
1254, 5000.0, 0.3
1255, 5000.0, 0.3
1256, 5000.0, 0.3
1257, 5000.0, 0.3
1258, 5000.0, 0.3
1259, 5000.0, 0.3
1260, 5000.0, 0.3
1261, 5000.0, 0.3
1262, 5000.0, 0.3
1263, 5000.0, 0.3
1264, 5000.0, 0.3
1265, 5000.0, 0.3
1266, 5000.0, 0.3
1267, 5000.0, 0.3
1268, 5000.0, 0.3
1269, 5000.0, 0.3
1270, 5000.0, 0.3
1271, 5000.0, 0.3
1272, 5000.0, 0.3
1273, 5000.0, 0.3
1274, 5000.0, 0.3
1275, 5000.0, 0.3
1276, 5000.0, 0.3
1277, 5000.0, 0.3
1278, 5000.0, 0.3
1279, 5000.0, 0.3
1280, 5000.0, 0.3
1281, 5000.0, 0.3
1282, 5000.0, 0.3
1283, 5000.0, 0.3
1284, 5000.0, 0.3
1285, 5000.0, 0.3
1286, 5000.0, 0.3
1287, 5000.0, 0.3
1288, 5000.0, 0.3
1289, 5000.0, 0.3
1290, 5000.0, 0.3
1291, 5000.0, 0.3
1292, 5000.0, 0.3
1293, 5000.0, 0.3
1294, 5000.0, 0.3
1295, 5000.0, 0.3
1296, 5000.0, 0.3
1297, 5000.0, 0.3
1298, 5000.0, 0.3
1299, 5000.0, 0.3
1300, 5000.0, 0.3
1301, 5000.0, 0.3
1302, 5000.0, 0.3
1303, 5000.0, 0.3
1304, 5000.0, 0.3
1305, 5000.0, 0.3
1306, 5000.0, 0.3
1307, 5000.0, 0.3
1308, 5000.0, 0.3
1309, 5000.0, 0.3
1310, 5000.0, 0.3
1311, 5000.0, 0.3
1312, 5000.0, 0.3
1313, 5000.0, 0.3
1314, 5000.0, 0.3
1315, 5000.0, 0.3
1316, 5000.0, 0.3
1317, 5000.0, 0.3
1318, 5000.0, 0.3
1319, 5000.0, 0.3
1320, 5000.0, 0.3
1321, 5000.0, 0.3
1322, 5000.0, 0.3
1323, 5000.0, 0.3
1324, 5000.0, 0.3
1325, 5000.0, 0.3
1326, 5000.0, 0.3
1327, 5000.0, 0.3
1328, 5000.0, 0.3
1329, 5000.0, 0.3
1330, 5000.0, 0.3
1331, 5000.0, 0.3
1332, 5000.0, 0.3
1333, 5000.0, 0.3
1334, 5000.0, 0.3
1335, 5000.0, 0.3
1336, 5000.0, 0.3
1337, 5000.0, 0.3
1338, 5000.0, 0.3
1339, 5000.0, 0.3
1340, 5000.0, 0.3
1341, 5000.0, 0.3
1342, 5000.0, 0.3
1343, 5000.0, 0.3
1344, 5000.0, 0.3
1345, 5000.0, 0.3
1346, 5000.0, 0.3
1347, 5000.0, 0.3
1348, 5000.0, 0.3
1349, 5000.0, 0.3
1350, 5000.0, 0.3
1351, 5000.0, 0.3
1352, 5000.0, 0.3
1353, 5000.0, 0.3
1354, 5000.0, 0.3
1355, 5000.0, 0.3
1356, 5000.0, 0.3
1357, 5000.0, 0.3
1358, 5000.0, 0.3
1359, 5000.0, 0.3
1360, 5000.0, 0.3
1361, 5000.0, 0.3
1362, 5000.0, 0.3
1363, 5000.0, 0.3
1364, 5000.0, 0.3
1365, 5000.0, 0.3
1366, 5000.0, 0.3
1367, 5000.0, 0.3
1368, 5000.0, 0.3
1369, 5000.0, 0.3
1370, 5000.0, 0.3
1371, 5000.0, 0.3
1372, 5000.0, 0.3
1373, 5000.0, 0.3
1374, 5000.0, 0.3
1375, 5000.0, 0.3
1376, 5000.0, 0.3
1377, 5000.0, 0.3
1378, 5000.0, 0.3
1379, 5000.0, 0.3
1380, 5000.0, 0.3
1381, 5000.0, 0.3
1382, 5000.0, 0.3
1383, 5000.0, 0.3
1384, 5000.0, 0.3
1385, 5000.0, 0.3
1386, 5000.0, 0.3
1387, 5000.0, 0.3
1388, 5000.0, 0.3
1389, 5000.0, 0.3
1390, 5000.0, 0.3
1391, 5000.0, 0.3
1392, 5000.0, 0.3
1393, 5000.0, 0.3
1394, 5000.0, 0.3
1395, 5000.0, 0.3
1396, 5000.0, 0.3
1397, 5000.0, 0.3
1398, 5000.0, 0.3
1399, 5000.0, 0.3
1400, 5000.0, 0.3
1401, 5000.0, 0.3
1402, 5000.0, 0.3
1403, 5000.0, 0.3
1404, 5000.0, 0.3
1405, 5000.0, 0.3
1406, 5000.0, 0.3
1407, 5000.0, 0.3
1408, 5000.0, 0.3
1409, 5000.0, 0.3
1410, 5000.0, 0.3
1411, 5000.0, 0.3
1412, 5000.0, 0.3
1413, 5000.0, 0.3
1414, 5000.0, 0.3
1415, 5000.0, 0.3
1416, 5000.0, 0.3
1417, 5000.0, 0.3
1418, 5000.0, 0.3
1419, 5000.0, 0.3
1420, 5000.0, 0.3
1421, 5000.0, 0.3
1422, 5000.0, 0.3
1423, 5000.0, 0.3
1424, 5000.0, 0.3
1425, 5000.0, 0.3
1426, 5000.0, 0.3
1427, 5000.0, 0.3
1428, 5000.0, 0.3
1429, 5000.0, 0.3
1430, 5000.0, 0.3
1431, 5000.0, 0.3
1432, 5000.0, 0.3
1433, 5000.0, 0.3
1434, 5000.0, 0.3
1435, 5000.0, 0.3
1436, 5000.0, 0.3
1437, 5000.0, 0.3
1438, 5000.0, 0.3
1439, 5000.0, 0.3
1440, 5000.0, 0.3
1441, 5000.0, 0.3
1442, 5000.0, 0.3
1443, 5000.0, 0.3
1444, 5000.0, 0.3
1445, 5000.0, 0.3
1446, 5000.0, 0.3
1447, 5000.0, 0.3
1448, 5000.0, 0.3
1449, 5000.0, 0.3
1450, 5000.0, 0.3
1451, 5000.0, 0.3
1452, 5000.0, 0.3
1453, 5000.0, 0.3
1454, 5000.0, 0.3
1455, 5000.0, 0.3
1456, 5000.0, 0.3
1457, 5000.0, 0.3
1458, 5000.0, 0.3
1459, 5000.0, 0.3
1460, 5000.0, 0.3
1461, 5000.0, 0.3
1462, 5000.0, 0.3
1463, 5000.0, 0.3
1464, 5000.0, 0.3
1465, 5000.0, 0.3
1466, 5000.0, 0.3
1467, 5000.0, 0.3
1468, 5000.0, 0.3
1469, 5000.0, 0.3
1470, 5000.0, 0.3
1471, 5000.0, 0.3
1472, 5000.0, 0.3
1473, 5000.0, 0.3
1474, 5000.0, 0.3
1475, 5000.0, 0.3
1476, 5000.0, 0.3
1477, 5000.0, 0.3
1478, 5000.0, 0.3
1479, 5000.0, 0.3
1480, 5000.0, 0.3
1481, 5000.0, 0.3
1482, 5000.0, 0.3
1483, 5000.0, 0.3
1484, 5000.0, 0.3
1485, 5000.0, 0.3
1486, 5000.0, 0.3
1487, 5000.0, 0.3
1488, 5000.0, 0.3
1489, 5000.0, 0.3
1490, 5000.0, 0.3
1491, 5000.0, 0.3
1492, 5000.0, 0.3
1493, 5000.0, 0.3
1494, 5000.0, 0.3
1495, 5000.0, 0.3
1496, 5000.0, 0.3
1497, 5000.0, 0.3
1498, 5000.0, 0.3
1499, 5000.0, 0.3
1500, 5000.0, 0.3
1501, 5000.0, 0.3
1502, 5000.0, 0.3
1503, 5000.0, 0.3
1504, 5000.0, 0.3
1505, 5000.0, 0.3
1506, 5000.0, 0.3
1507, 5000.0, 0.3
1508, 5000.0, 0.3
1509, 5000.0, 0.3
1510, 5000.0, 0.3
1511, 5000.0, 0.3
1512, 5000.0, 0.3
1513, 5000.0, 0.3
1514, 5000.0, 0.3
1515, 5000.0, 0.3
1516, 5000.0, 0.3
1517, 5000.0, 0.3
1518, 5000.0, 0.3
1519, 5000.0, 0.3
1520, 5000.0, 0.3
1521, 5000.0, 0.3
1522, 5000.0, 0.3
1523, 5000.0, 0.3
1524, 5000.0, 0.3
1525, 5000.0, 0.3
1526, 5000.0, 0.3
1527, 5000.0, 0.3
1528, 5000.0, 0.3
1529, 5000.0, 0.3
1530, 5000.0, 0.3
1531, 5000.0, 0.3
1532, 5000.0, 0.3
1533, 5000.0, 0.3
1534, 5000.0, 0.3
1535, 5000.0, 0.3
1536, 5000.0, 0.3
1537, 5000.0, 0.3
1538, 5000.0, 0.3
1539, 5000.0, 0.3
1540, 5000.0, 0.3
1541, 5000.0, 0.3
1542, 5000.0, 0.3
1543, 5000.0, 0.3
1544, 5000.0, 0.3
1545, 5000.0, 0.3
1546, 5000.0, 0.3
1547, 5000.0, 0.3
1548, 5000.0, 0.3
1549, 5000.0, 0.3
1550, 5000.0, 0.3
1551, 5000.0, 0.3
1552, 5000.0, 0.3
1553, 5000.0, 0.3
1554, 5000.0, 0.3
1555, 5000.0, 0.3
1556, 5000.0, 0.3
1557, 5000.0, 0.3
1558, 5000.0, 0.3
1559, 5000.0, 0.3
1560, 5000.0, 0.3
1561, 5000.0, 0.3
1562, 5000.0, 0.3
1563, 5000.0, 0.3
1564, 5000.0, 0.3
1565, 5000.0, 0.3
1566, 5000.0, 0.3
1567, 5000.0, 0.3
1568, 5000.0, 0.3
1569, 5000.0, 0.3
1570, 5000.0, 0.3
1571, 5000.0, 0.3
1572, 5000.0, 0.3
1573, 5000.0, 0.3
1574, 5000.0, 0.3
1575, 5000.0, 0.3
1576, 5000.0, 0.3
1577, 5000.0, 0.3
1578, 5000.0, 0.3
1579, 5000.0, 0.3
1580, 5000.0, 0.3
1581, 5000.0, 0.3
1582, 5000.0, 0.3
1583, 5000.0, 0.3
1584, 5000.0, 0.3
1585, 5000.0, 0.3
1586, 5000.0, 0.3
1587, 5000.0, 0.3
1588, 5000.0, 0.3
1589, 5000.0, 0.3
1590, 5000.0, 0.3
1591, 5000.0, 0.3
1592, 5000.0, 0.3
1593, 5000.0, 0.3
1594, 5000.0, 0.3
1595, 5000.0, 0.3
1596, 5000.0, 0.3
1597, 5000.0, 0.3
1598, 5000.0, 0.3
1599, 5000.0, 0.3
1600, 5000.0, 0.3
1601, 5000.0, 0.3
1602, 5000.0, 0.3
1603, 5000.0, 0.3
1604, 5000.0, 0.3
1605, 5000.0, 0.3
1606, 5000.0, 0.3
1607, 5000.0, 0.3
1608, 5000.0, 0.3
1609, 5000.0, 0.3
1610, 5000.0, 0.3
1611, 5000.0, 0.3
1612, 5000.0, 0.3
1613, 5000.0, 0.3
1614, 5000.0, 0.3
1615, 5000.0, 0.3
1616, 5000.0, 0.3
1617, 5000.0, 0.3
1618, 5000.0, 0.3
1619, 5000.0, 0.3
1620, 5000.0, 0.3
1621, 5000.0, 0.3
1622, 5000.0, 0.3
1623, 5000.0, 0.3
1624, 5000.0, 0.3
1625, 5000.0, 0.3
1626, 5000.0, 0.3
1627, 5000.0, 0.3
1628, 5000.0, 0.3
1629, 5000.0, 0.3
1630, 5000.0, 0.3
1631, 5000.0, 0.3
1632, 5000.0, 0.3
1633, 5000.0, 0.3
1634, 5000.0, 0.3
1635, 5000.0, 0.3
1636, 5000.0, 0.3
1637, 5000.0, 0.3
1638, 5000.0, 0.3
1639, 5000.0, 0.3
1640, 5000.0, 0.3
1641, 5000.0, 0.3
1642, 5000.0, 0.3
1643, 5000.0, 0.3
1644, 5000.0, 0.3
1645, 5000.0, 0.3
1646, 5000.0, 0.3
1647, 5000.0, 0.3
1648, 5000.0, 0.3
1649, 5000.0, 0.3
1650, 5000.0, 0.3
1651, 5000.0, 0.3
1652, 5000.0, 0.3
1653, 5000.0, 0.3
1654, 5000.0, 0.3
1655, 5000.0, 0.3
1656, 5000.0, 0.3
1657, 5000.0, 0.3
1658, 5000.0, 0.3
1659, 5000.0, 0.3
1660, 5000.0, 0.3
1661, 5000.0, 0.3
1662, 5000.0, 0.3
1663, 5000.0, 0.3
1664, 5000.0, 0.3
1665, 5000.0, 0.3
1666, 5000.0, 0.3
1667, 5000.0, 0.3
1668, 5000.0, 0.3
1669, 5000.0, 0.3
1670, 5000.0, 0.3
1671, 5000.0, 0.3
1672, 5000.0, 0.3
1673, 5000.0, 0.3
1674, 5000.0, 0.3
1675, 5000.0, 0.3
1676, 5000.0, 0.3
1677, 5000.0, 0.3
1678, 5000.0, 0.3
1679, 5000.0, 0.3
1680, 5000.0, 0.3
1681, 5000.0, 0.3
1682, 5000.0, 0.3
1683, 5000.0, 0.3
1684, 5000.0, 0.3
1685, 5000.0, 0.3
1686, 5000.0, 0.3
1687, 5000.0, 0.3
1688, 5000.0, 0.3
1689, 5000.0, 0.3
1690, 5000.0, 0.3
1691, 5000.0, 0.3
1692, 5000.0, 0.3
1693, 5000.0, 0.3
1694, 5000.0, 0.3
1695, 5000.0, 0.3
1696, 5000.0, 0.3
1697, 5000.0, 0.3
1698, 5000.0, 0.3
1699, 5000.0, 0.3
1700, 5000.0, 0.3
1701, 5000.0, 0.3
1702, 5000.0, 0.3
1703, 5000.0, 0.3
1704, 5000.0, 0.3
1705, 5000.0, 0.3
1706, 5000.0, 0.3
1707, 5000.0, 0.3
1708, 5000.0, 0.3
1709, 5000.0, 0.3
1710, 5000.0, 0.3
1711, 5000.0, 0.3
1712, 5000.0, 0.3
1713, 5000.0, 0.3
1714, 5000.0, 0.3
1715, 5000.0, 0.3
1716, 5000.0, 0.3
1717, 5000.0, 0.3
1718, 5000.0, 0.3
1719, 5000.0, 0.3
1720, 5000.0, 0.3
1721, 5000.0, 0.3
1722, 5000.0, 0.3
1723, 5000.0, 0.3
1724, 5000.0, 0.3
1725, 5000.0, 0.3
1726, 5000.0, 0.3
1727, 5000.0, 0.3
1728, 5000.0, 0.3
1729, 5000.0, 0.3
1730, 5000.0, 0.3
1731, 5000.0, 0.3
1732, 5000.0, 0.3
1733, 5000.0, 0.3
1734, 5000.0, 0.3
1735, 5000.0, 0.3
1736, 5000.0, 0.3
1737, 5000.0, 0.3
1738, 5000.0, 0.3
1739, 5000.0, 0.3
1740, 5000.0, 0.3
1741, 5000.0, 0.3
1742, 5000.0, 0.3
1743, 5000.0, 0.3
1744, 5000.0, 0.3
1745, 5000.0, 0.3
1746, 5000.0, 0.3
1747, 5000.0, 0.3
1748, 5000.0, 0.3
1749, 5000.0, 0.3
1750, 5000.0, 0.3
1751, 5000.0, 0.3
1752, 5000.0, 0.3
1753, 5000.0, 0.3
1754, 5000.0, 0.3
1755, 5000.0, 0.3
1756, 5000.0, 0.3
1757, 5000.0, 0.3
1758, 5000.0, 0.3
1759, 5000.0, 0.3
1760, 5000.0, 0.3
1761, 5000.0, 0.3
1762, 5000.0, 0.3
1763, 5000.0, 0.3
1764, 5000.0, 0.3
1765, 5000.0, 0.3
1766, 5000.0, 0.3
1767, 5000.0, 0.3
1768, 5000.0, 0.3
1769, 5000.0, 0.3
1770, 5000.0, 0.3
1771, 5000.0, 0.3
1772, 5000.0, 0.3
1773, 5000.0, 0.3
1774, 5000.0, 0.3
1775, 5000.0, 0.3
1776, 5000.0, 0.3
1777, 5000.0, 0.3
1778, 5000.0, 0.3
1779, 5000.0, 0.3
1780, 5000.0, 0.3
1781, 5000.0, 0.3
1782, 5000.0, 0.3
1783, 5000.0, 0.3
1784, 5000.0, 0.3
1785, 5000.0, 0.3
1786, 5000.0, 0.3
1787, 5000.0, 0.3
1788, 5000.0, 0.3
1789, 5000.0, 0.3
1790, 5000.0, 0.3
1791, 5000.0, 0.3
1792, 5000.0, 0.3
1793, 5000.0, 0.3
1794, 5000.0, 0.3
1795, 5000.0, 0.3
1796, 5000.0, 0.3
1797, 5000.0, 0.3
1798, 5000.0, 0.3
1799, 5000.0, 0.3
1800, 5000.0, 0.3
1801, 5000.0, 0.3
1802, 5000.0, 0.3
1803, 5000.0, 0.3
1804, 5000.0, 0.3
1805, 5000.0, 0.3
1806, 5000.0, 0.3
1807, 5000.0, 0.3
1808, 5000.0, 0.3
1809, 5000.0, 0.3
1810, 5000.0, 0.3
1811, 5000.0, 0.3
1812, 5000.0, 0.3
1813, 5000.0, 0.3
1814, 5000.0, 0.3
1815, 5000.0, 0.3
1816, 5000.0, 0.3
1817, 5000.0, 0.3
1818, 5000.0, 0.3
1819, 5000.0, 0.3
1820, 5000.0, 0.3
1821, 5000.0, 0.3
1822, 5000.0, 0.3
1823, 5000.0, 0.3
1824, 5000.0, 0.3
1825, 5000.0, 0.3
1826, 5000.0, 0.3
1827, 5000.0, 0.3
1828, 5000.0, 0.3
1829, 5000.0, 0.3
1830, 5000.0, 0.3
1831, 5000.0, 0.3
1832, 5000.0, 0.3
1833, 5000.0, 0.3
1834, 5000.0, 0.3
1835, 5000.0, 0.3
1836, 5000.0, 0.3
1837, 5000.0, 0.3
1838, 5000.0, 0.3
1839, 5000.0, 0.3
1840, 5000.0, 0.3
1841, 5000.0, 0.3
1842, 5000.0, 0.3
1843, 5000.0, 0.3
1844, 5000.0, 0.3
1845, 5000.0, 0.3
1846, 5000.0, 0.3
1847, 5000.0, 0.3
1848, 5000.0, 0.3
1849, 5000.0, 0.3
1850, 5000.0, 0.3
1851, 5000.0, 0.3
1852, 5000.0, 0.3
1853, 5000.0, 0.3
1854, 5000.0, 0.3
1855, 5000.0, 0.3
1856, 5000.0, 0.3
1857, 5000.0, 0.3
1858, 5000.0, 0.3
1859, 5000.0, 0.3
1860, 5000.0, 0.3
1861, 5000.0, 0.3
1862, 5000.0, 0.3
1863, 5000.0, 0.3
1864, 5000.0, 0.3
1865, 5000.0, 0.3
1866, 5000.0, 0.3
1867, 5000.0, 0.3
1868, 5000.0, 0.3
1869, 5000.0, 0.3
1870, 5000.0, 0.3
1871, 5000.0, 0.3
1872, 5000.0, 0.3
1873, 5000.0, 0.3
1874, 5000.0, 0.3
1875, 5000.0, 0.3
1876, 5000.0, 0.3
1877, 5000.0, 0.3
1878, 5000.0, 0.3
1879, 5000.0, 0.3
1880, 5000.0, 0.3
1881, 5000.0, 0.3
1882, 5000.0, 0.3
1883, 5000.0, 0.3
1884, 5000.0, 0.3
1885, 5000.0, 0.3
1886, 5000.0, 0.3
1887, 5000.0, 0.3
1888, 5000.0, 0.3
1889, 5000.0, 0.3
1890, 5000.0, 0.3
1891, 5000.0, 0.3
1892, 5000.0, 0.3
1893, 5000.0, 0.3
1894, 5000.0, 0.3
1895, 5000.0, 0.3
1896, 5000.0, 0.3
1897, 5000.0, 0.3
1898, 5000.0, 0.3
1899, 5000.0, 0.3
1900, 5000.0, 0.3
1901, 5000.0, 0.3
1902, 5000.0, 0.3
1903, 5000.0, 0.3
1904, 5000.0, 0.3
1905, 5000.0, 0.3
1906, 5000.0, 0.3
1907, 5000.0, 0.3
1908, 5000.0, 0.3
1909, 5000.0, 0.3
1910, 5000.0, 0.3
1911, 5000.0, 0.3
1912, 5000.0, 0.3
1913, 5000.0, 0.3
1914, 5000.0, 0.3
1915, 5000.0, 0.3
1916, 5000.0, 0.3
1917, 5000.0, 0.3
1918, 5000.0, 0.3
1919, 5000.0, 0.3
1920, 5000.0, 0.3
1921, 5000.0, 0.3
1922, 5000.0, 0.3
1923, 5000.0, 0.3
1924, 5000.0, 0.3
1925, 5000.0, 0.3
1926, 5000.0, 0.3
1927, 5000.0, 0.3
1928, 5000.0, 0.3
1929, 5000.0, 0.3
1930, 5000.0, 0.3
1931, 5000.0, 0.3
1932, 5000.0, 0.3
1933, 5000.0, 0.3
1934, 5000.0, 0.3
1935, 5000.0, 0.3
1936, 5000.0, 0.3
1937, 5000.0, 0.3
1938, 5000.0, 0.3
1939, 5000.0, 0.3
1940, 5000.0, 0.3
1941, 5000.0, 0.3
1942, 5000.0, 0.3
1943, 5000.0, 0.3
1944, 5000.0, 0.3
1945, 5000.0, 0.3
1946, 5000.0, 0.3
1947, 5000.0, 0.3
1948, 5000.0, 0.3
1949, 5000.0, 0.3
1950, 5000.0, 0.3
1951, 5000.0, 0.3
1952, 5000.0, 0.3
1953, 5000.0, 0.3
1954, 5000.0, 0.3
1955, 5000.0, 0.3
1956, 5000.0, 0.3
1957, 5000.0, 0.3
1958, 5000.0, 0.3
1959, 5000.0, 0.3
1960, 5000.0, 0.3
1961, 5000.0, 0.3
1962, 5000.0, 0.3
1963, 5000.0, 0.3
1964, 5000.0, 0.3
1965, 5000.0, 0.3
1966, 5000.0, 0.3
1967, 5000.0, 0.3
1968, 5000.0, 0.3
1969, 5000.0, 0.3
1970, 5000.0, 0.3
1971, 5000.0, 0.3
1972, 5000.0, 0.3
1973, 5000.0, 0.3
1974, 5000.0, 0.3
1975, 5000.0, 0.3
1976, 5000.0, 0.3
1977, 5000.0, 0.3
1978, 5000.0, 0.3
1979, 5000.0, 0.3
1980, 5000.0, 0.3
1981, 5000.0, 0.3
1982, 5000.0, 0.3
1983, 5000.0, 0.3
1984, 5000.0, 0.3
1985, 5000.0, 0.3
1986, 5000.0, 0.3
1987, 5000.0, 0.3
1988, 5000.0, 0.3
1989, 5000.0, 0.3
1990, 5000.0, 0.3
1991, 5000.0, 0.3
1992, 5000.0, 0.3
1993, 5000.0, 0.3
1994, 5000.0, 0.3
1995, 5000.0, 0.3
1996, 5000.0, 0.3
1997, 5000.0, 0.3
1998, 5000.0, 0.3
1999, 5000.0, 0.3
2000, 5000.0, 0.3
2001, 5000.0, 0.3
2002, 5000.0, 0.3
2003, 5000.0, 0.3
2004, 5000.0, 0.3
2005, 5000.0, 0.3
2006, 5000.0, 0.3
2007, 5000.0, 0.3
2008, 5000.0, 0.3
2009, 5000.0, 0.3
2010, 5000.0, 0.3
2011, 5000.0, 0.3
2012, 5000.0, 0.3
2013, 5000.0, 0.3
2014, 5000.0, 0.3
2015, 5000.0, 0.3
2016, 5000.0, 0.3
2017, 5000.0, 0.3
2018, 5000.0, 0.3
2019, 5000.0, 0.3
2020, 5000.0, 0.3
2021, 5000.0, 0.3
2022, 5000.0, 0.3
2023, 5000.0, 0.3
2024, 5000.0, 0.3
2025, 5000.0, 0.3
2026, 5000.0, 0.3
2027, 5000.0, 0.3
2028, 5000.0, 0.3
2029, 5000.0, 0.3
2030, 5000.0, 0.3
2031, 5000.0, 0.3
2032, 5000.0, 0.3
2033, 5000.0, 0.3
2034, 5000.0, 0.3
2035, 5000.0, 0.3
2036, 5000.0, 0.3
2037, 5000.0, 0.3
2038, 5000.0, 0.3
2039, 200.0, 0.167
2040, 200.0, 0.167
2041, 200.0, 0.167
2042, 200.0, 0.167
2043, 200.0, 0.167
2044, 200.0, 0.167
2045, 200.0, 0.167
2046, 200.0, 0.167
2047, 200.0, 0.167
2048, 200.0, 0.167
2049, 200.0, 0.167
2050, 200.0, 0.167
2051, 200.0, 0.167
2052, 200.0, 0.167
2053, 200.0, 0.167
2054, 200.0, 0.167
2055, 200.0, 0.167
2056, 200.0, 0.167
2057, 200.0, 0.167
2058, 200.0, 0.167
2059, 200.0, 0.167
2060, 200.0, 0.167
2061, 200.0, 0.167
2062, 200.0, 0.167
2063, 200.0, 0.167
2064, 200.0, 0.167
2065, 200.0, 0.167
2066, 200.0, 0.167
2067, 200.0, 0.167
2068, 200.0, 0.167
2069, 200.0, 0.167
2070, 200.0, 0.167
2071, 200.0, 0.167
2072, 200.0, 0.167
2073, 200.0, 0.167
2074, 200.0, 0.167
2075, 200.0, 0.167
2076, 200.0, 0.167
2077, 200.0, 0.167
2078, 200.0, 0.167
2079, 200.0, 0.167
2080, 200.0, 0.167
2081, 200.0, 0.167
2082, 200.0, 0.167
2083, 200.0, 0.167
2084, 200.0, 0.167
2085, 200.0, 0.167
2086, 200.0, 0.167
2087, 200.0, 0.167
2088, 200.0, 0.167
2089, 200.0, 0.167
2090, 200.0, 0.167
2091, 200.0, 0.167
2092, 200.0, 0.167
2093, 200.0, 0.167
2094, 200.0, 0.167
2095, 200.0, 0.167
2096, 200.0, 0.167
2097, 200.0, 0.167
2098, 200.0, 0.167
2099, 200.0, 0.167
2100, 200.0, 0.167
2101, 200.0, 0.167
2102, 200.0, 0.167
2103, 200.0, 0.167
2104, 200.0, 0.167
2105, 200.0, 0.167
2106, 200.0, 0.167
2107, 200.0, 0.167
2108, 200.0, 0.167
2109, 200.0, 0.167
2110, 200.0, 0.167
2111, 200.0, 0.167
2112, 200.0, 0.167
2113, 200.0, 0.167
2114, 200.0, 0.167
2115, 200.0, 0.167
2116, 200.0, 0.167
2117, 200.0, 0.167
2118, 200.0, 0.167
2119, 200.0, 0.167
2120, 200.0, 0.167
2121, 200.0, 0.167
2122, 200.0, 0.167
2123, 200.0, 0.167
2124, 200.0, 0.167
2125, 200.0, 0.167
2126, 200.0, 0.167
2127, 200.0, 0.167
2128, 200.0, 0.167
2129, 200.0, 0.167
2130, 200.0, 0.167
2131, 200.0, 0.167
2132, 200.0, 0.167
2133, 200.0, 0.167
2134, 200.0, 0.167
2135, 200.0, 0.167
2136, 200.0, 0.167
2137, 200.0, 0.167
2138, 200.0, 0.167
2139, 200.0, 0.167
2140, 200.0, 0.167
2141, 200.0, 0.167
2142, 200.0, 0.167
2143, 200.0, 0.167
2144, 200.0, 0.167
2145, 200.0, 0.167
2146, 200.0, 0.167
2147, 200.0, 0.167
2148, 200.0, 0.167
2149, 200.0, 0.167
2150, 200.0, 0.167
2151, 200.0, 0.167
2152, 200.0, 0.167
2153, 200.0, 0.167
2154, 200.0, 0.167
2155, 200.0, 0.167
2156, 200.0, 0.167
2157, 200.0, 0.167
2158, 200.0, 0.167
2159, 200.0, 0.167
2160, 200.0, 0.167
2161, 200.0, 0.167
2162, 200.0, 0.167
2163, 200.0, 0.167
2164, 200.0, 0.167
2165, 200.0, 0.167
2166, 200.0, 0.167
2167, 200.0, 0.167
2168, 200.0, 0.167
2169, 200.0, 0.167
2170, 200.0, 0.167
2171, 200.0, 0.167
2172, 200.0, 0.167
2173, 200.0, 0.167
2174, 200.0, 0.167
2175, 200.0, 0.167
2176, 200.0, 0.167
2177, 200.0, 0.167
2178, 200.0, 0.167
2179, 200.0, 0.167
2180, 200.0, 0.167
2181, 200.0, 0.167
2182, 200.0, 0.167
2183, 200.0, 0.167
2184, 200.0, 0.167
2185, 200.0, 0.167
2186, 200.0, 0.167
2187, 200.0, 0.167
2188, 200.0, 0.167
2189, 200.0, 0.167
2190, 200.0, 0.167
2191, 200.0, 0.167
2192, 200.0, 0.167
2193, 200.0, 0.167
2194, 200.0, 0.167
2195, 200.0, 0.167
2196, 200.0, 0.167
2197, 200.0, 0.167
2198, 200.0, 0.167
2199, 200.0, 0.167
2200, 200.0, 0.167
2201, 200.0, 0.167
2202, 200.0, 0.167
2203, 200.0, 0.167
2204, 200.0, 0.167
2205, 200.0, 0.167
2206, 200.0, 0.167
2207, 200.0, 0.167
2208, 200.0, 0.167
2209, 200.0, 0.167
2210, 200.0, 0.167
2211, 200.0, 0.167
2212, 200.0, 0.167
2213, 200.0, 0.167
2214, 200.0, 0.167
2215, 200.0, 0.167
2216, 200.0, 0.167
2217, 200.0, 0.167
2218, 200.0, 0.167
2219, 200.0, 0.167
2220, 200.0, 0.167
2221, 200.0, 0.167
2222, 200.0, 0.167
2223, 200.0, 0.167
2224, 200.0, 0.167
2225, 200.0, 0.167
2226, 200.0, 0.167
2227, 200.0, 0.167
2228, 200.0, 0.167
2229, 200.0, 0.167
2230, 200.0, 0.167
2231, 200.0, 0.167
2232, 200.0, 0.167
2233, 200.0, 0.167
2234, 200.0, 0.167
2235, 200.0, 0.167
2236, 200.0, 0.167
2237, 200.0, 0.167
2238, 200.0, 0.167
2239, 200.0, 0.167
2240, 200.0, 0.167
2241, 200.0, 0.167
2242, 200.0, 0.167
2243, 200.0, 0.167
2244, 200.0, 0.167
2245, 200.0, 0.167
2246, 200.0, 0.167
2247, 200.0, 0.167
2248, 200.0, 0.167
2249, 200.0, 0.167
2250, 200.0, 0.167
2251, 200.0, 0.167
2252, 200.0, 0.167
2253, 200.0, 0.167
2254, 200.0, 0.167
2255, 200.0, 0.167
2256, 200.0, 0.167
2257, 200.0, 0.167
2258, 200.0, 0.167
2259, 200.0, 0.167
2260, 200.0, 0.167
2261, 200.0, 0.167
2262, 200.0, 0.167
2263, 200.0, 0.167
2264, 200.0, 0.167
2265, 200.0, 0.167
2266, 200.0, 0.167
2267, 200.0, 0.167
2268, 200.0, 0.167
2269, 200.0, 0.167
2270, 200.0, 0.167
2271, 200.0, 0.167
2272, 200.0, 0.167
2273, 200.0, 0.167
2274, 200.0, 0.167
2275, 200.0, 0.167
2276, 200.0, 0.167
2277, 200.0, 0.167
2278, 200.0, 0.167
2279, 200.0, 0.167
2280, 200.0, 0.167
2281, 200.0, 0.167
2282, 200.0, 0.167
2283, 200.0, 0.167
2284, 200.0, 0.167
2285, 200.0, 0.167
2286, 200.0, 0.167
2287, 200.0, 0.167
2288, 200.0, 0.167
2289, 200.0, 0.167
2290, 200.0, 0.167
2291, 200.0, 0.167
2292, 200.0, 0.167
2293, 200.0, 0.167
2294, 200.0, 0.167
2295, 200.0, 0.167
2296, 200.0, 0.167
2297, 200.0, 0.167
2298, 200.0, 0.167
2299, 200.0, 0.167
2300, 200.0, 0.167
2301, 200.0, 0.167
2302, 200.0, 0.167
2303, 200.0, 0.167
2304, 200.0, 0.167
2305, 200.0, 0.167
2306, 200.0, 0.167
2307, 200.0, 0.167
2308, 200.0, 0.167
2309, 200.0, 0.167
2310, 200.0, 0.167
2311, 200.0, 0.167
2312, 200.0, 0.167
2313, 200.0, 0.167
2314, 200.0, 0.167
2315, 200.0, 0.167
2316, 200.0, 0.167
2317, 200.0, 0.167
2318, 200.0, 0.167
2319, 200.0, 0.167
2320, 200.0, 0.167
2321, 200.0, 0.167
2322, 200.0, 0.167
2323, 200.0, 0.167
2324, 200.0, 0.167
2325, 200.0, 0.167
2326, 200.0, 0.167
2327, 200.0, 0.167
2328, 200.0, 0.167
2329, 200.0, 0.167
2330, 200.0, 0.167
2331, 200.0, 0.167
2332, 200.0, 0.167
2333, 200.0, 0.167
2334, 200.0, 0.167
2335, 200.0, 0.167
2336, 200.0, 0.167
2337, 200.0, 0.167
2338, 200.0, 0.167
2339, 200.0, 0.167
2340, 200.0, 0.167
2341, 200.0, 0.167
2342, 200.0, 0.167
2343, 200.0, 0.167
2344, 200.0, 0.167
2345, 200.0, 0.167
2346, 200.0, 0.167
2347, 200.0, 0.167
2348, 200.0, 0.167
2349, 200.0, 0.167
2350, 200.0, 0.167
2351, 200.0, 0.167
2352, 200.0, 0.167
2353, 200.0, 0.167
2354, 200.0, 0.167
2355, 200.0, 0.167
2356, 200.0, 0.167
2357, 200.0, 0.167
2358, 200.0, 0.167
2359, 200.0, 0.167
2360, 200.0, 0.167
2361, 200.0, 0.167
2362, 200.0, 0.167
2363, 200.0, 0.167
2364, 200.0, 0.167
2365, 200.0, 0.167
2366, 200.0, 0.167
2367, 200.0, 0.167
2368, 200.0, 0.167
2369, 200.0, 0.167
2370, 200.0, 0.167
2371, 200.0, 0.167
2372, 200.0, 0.167
2373, 200.0, 0.167
2374, 200.0, 0.167
2375, 200.0, 0.167
2376, 200.0, 0.167
2377, 200.0, 0.167
2378, 200.0, 0.167
2379, 200.0, 0.167
2380, 200.0, 0.167
2381, 200.0, 0.167
2382, 200.0, 0.167
2383, 200.0, 0.167
2384, 200.0, 0.167
2385, 200.0, 0.167
2386, 200.0, 0.167
2387, 200.0, 0.167
2388, 200.0, 0.167
2389, 200.0, 0.167
2390, 200.0, 0.167
2391, 200.0, 0.167
2392, 200.0, 0.167
2393, 200.0, 0.167
2394, 200.0, 0.167
2395, 200.0, 0.167
2396, 200.0, 0.167
2397, 200.0, 0.167
2398, 200.0, 0.167
2399, 200.0, 0.167
2400, 200.0, 0.167
2401, 200.0, 0.167
2402, 200.0, 0.167
2403, 200.0, 0.167
2404, 200.0, 0.167
2405, 200.0, 0.167
2406, 200.0, 0.167
2407, 200.0, 0.167
2408, 200.0, 0.167
2409, 200.0, 0.167
2410, 200.0, 0.167
2411, 200.0, 0.167
2412, 200.0, 0.167
2413, 200.0, 0.167
2414, 200.0, 0.167
2415, 200.0, 0.167
2416, 200.0, 0.167
2417, 200.0, 0.167
2418, 200.0, 0.167
2419, 200.0, 0.167
2420, 200.0, 0.167
2421, 200.0, 0.167
2422, 200.0, 0.167
2423, 200.0, 0.167
2424, 200.0, 0.167
2425, 200.0, 0.167
2426, 200.0, 0.167
2427, 200.0, 0.167
2428, 200.0, 0.167
2429, 200.0, 0.167
2430, 200.0, 0.167
2431, 200.0, 0.167
2432, 200.0, 0.167
2433, 200.0, 0.167
2434, 200.0, 0.167
2435, 200.0, 0.167
2436, 200.0, 0.167
2437, 200.0, 0.167
2438, 200.0, 0.167
2439, 200.0, 0.167
2440, 200.0, 0.167
2441, 200.0, 0.167
2442, 200.0, 0.167
2443, 200.0, 0.167
2444, 200.0, 0.167
2445, 200.0, 0.167
2446, 200.0, 0.167
2447, 200.0, 0.167
2448, 200.0, 0.167
2449, 200.0, 0.167
2450, 200.0, 0.167
2451, 200.0, 0.167
2452, 200.0, 0.167
2453, 200.0, 0.167
2454, 200.0, 0.167
2455, 200.0, 0.167
2456, 200.0, 0.167
2457, 200.0, 0.167
2458, 200.0, 0.167
2459, 200.0, 0.167
2460, 200.0, 0.167
2461, 200.0, 0.167
2462, 200.0, 0.167
2463, 200.0, 0.167
2464, 200.0, 0.167
2465, 200.0, 0.167
2466, 200.0, 0.167
2467, 200.0, 0.167
2468, 200.0, 0.167
2469, 200.0, 0.167
2470, 200.0, 0.167
2471, 200.0, 0.167
2472, 200.0, 0.167
2473, 200.0, 0.167
2474, 200.0, 0.167
2475, 200.0, 0.167
2476, 200.0, 0.167
2477, 200.0, 0.167
2478, 200.0, 0.167
2479, 200.0, 0.167
2480, 200.0, 0.167
2481, 200.0, 0.167
2482, 200.0, 0.167
2483, 200.0, 0.167
2484, 200.0, 0.167
2485, 200.0, 0.167
2486, 200.0, 0.167
2487, 200.0, 0.167
2488, 200.0, 0.167
2489, 200.0, 0.167
2490, 200.0, 0.167
2491, 200.0, 0.167
2492, 200.0, 0.167
2493, 200.0, 0.167
2494, 200.0, 0.167
2495, 200.0, 0.167
2496, 200.0, 0.167
2497, 200.0, 0.167
2498, 200.0, 0.167
2499, 200.0, 0.167
2500, 200.0, 0.167
2501, 200.0, 0.167
2502, 200.0, 0.167
2503, 200.0, 0.167
2504, 200.0, 0.167
2505, 200.0, 0.167
2506, 200.0, 0.167
2507, 200.0, 0.167
2508, 200.0, 0.167
2509, 200.0, 0.167
2510, 200.0, 0.167
2511, 200.0, 0.167
2512, 200.0, 0.167
2513, 200.0, 0.167
2514, 200.0, 0.167
2515, 200.0, 0.167
2516, 200.0, 0.167
2517, 200.0, 0.167
2518, 200.0, 0.167
2519, 200.0, 0.167
2520, 200.0, 0.167
2521, 200.0, 0.167
2522, 200.0, 0.167
2523, 200.0, 0.167
2524, 200.0, 0.167
2525, 200.0, 0.167
2526, 200.0, 0.167
2527, 200.0, 0.167
2528, 200.0, 0.167
2529, 200.0, 0.167
2530, 200.0, 0.167
2531, 200.0, 0.167
2532, 200.0, 0.167
2533, 200.0, 0.167
2534, 200.0, 0.167
2535, 200.0, 0.167
2536, 200.0, 0.167
2537, 200.0, 0.167
2538, 200.0, 0.167
2539, 200.0, 0.167
2540, 200.0, 0.167
2541, 200.0, 0.167
2542, 200.0, 0.167
2543, 200.0, 0.167
2544, 200.0, 0.167
2545, 200.0, 0.167
2546, 200.0, 0.167
2547, 200.0, 0.167
2548, 200.0, 0.167
2549, 200.0, 0.167
2550, 200.0, 0.167
2551, 200.0, 0.167
2552, 200.0, 0.167
2553, 200.0, 0.167
2554, 200.0, 0.167
2555, 200.0, 0.167
2556, 200.0, 0.167
2557, 200.0, 0.167
2558, 200.0, 0.167
2559, 200.0, 0.167
2560, 200.0, 0.167
2561, 200.0, 0.167
2562, 200.0, 0.167
2563, 200.0, 0.167
2564, 200.0, 0.167
2565, 200.0, 0.167
2566, 200.0, 0.167
2567, 200.0, 0.167
2568, 200.0, 0.167
2569, 200.0, 0.167
2570, 200.0, 0.167
2571, 200.0, 0.167
2572, 200.0, 0.167
2573, 200.0, 0.167
2574, 200.0, 0.167
2575, 200.0, 0.167
2576, 200.0, 0.167
2577, 200.0, 0.167
2578, 200.0, 0.167
2579, 200.0, 0.167
2580, 200.0, 0.167
2581, 200.0, 0.167
2582, 200.0, 0.167
2583, 200.0, 0.167
2584, 200.0, 0.167
2585, 200.0, 0.167
2586, 200.0, 0.167
2587, 200.0, 0.167
2588, 200.0, 0.167
2589, 200.0, 0.167
2590, 200.0, 0.167
2591, 200.0, 0.167
2592, 200.0, 0.167
2593, 200.0, 0.167
2594, 200.0, 0.167
2595, 200.0, 0.167
2596, 200.0, 0.167
2597, 200.0, 0.167
2598, 200.0, 0.167
2599, 200.0, 0.167
2600, 200.0, 0.167
2601, 200.0, 0.167
2602, 200.0, 0.167
2603, 200.0, 0.167
2604, 200.0, 0.167
2605, 200.0, 0.167
2606, 200.0, 0.167
2607, 200.0, 0.167
2608, 200.0, 0.167
2609, 200.0, 0.167
2610, 200.0, 0.167
2611, 200.0, 0.167
2612, 200.0, 0.167
2613, 200.0, 0.167
2614, 200.0, 0.167
2615, 200.0, 0.167
2616, 200.0, 0.167
2617, 200.0, 0.167
2618, 200.0, 0.167
2619, 200.0, 0.167
2620, 200.0, 0.167
2621, 200.0, 0.167
2622, 200.0, 0.167
2623, 200.0, 0.167
2624, 200.0, 0.167
2625, 200.0, 0.167
2626, 200.0, 0.167
2627, 200.0, 0.167
2628, 200.0, 0.167
2629, 200.0, 0.167
2630, 200.0, 0.167
2631, 200.0, 0.167
2632, 200.0, 0.167
2633, 200.0, 0.167
2634, 200.0, 0.167
